Amplitude
0 0
1 0
2 -0.0078125
3 0
4 0
5 0
6 0
7 -0.0078125
8 0
9 0
10 0
11 0
12 0
13 0
14 0
15 0
16 0
17 0
18 0
19 0
20 0
21 0
22 -0.0078125
23 0
24 0
25 0
26 0
27 0
28 0
29 0
30 0
31 0
32 0.0078125
33 0
34 -0.0078125
35 0
36 0
37 0
38 0
39 0
40 0
41 0
42 0
43 0
44 0
45 0
46 0
47 0
48 0
49 0
50 0
51 0
52 0
53 0
54 -0.0078125
55 0
56 0
57 0
58 0
59 0
60 0
61 0
62 0
63 0
64 0
65 0
66 0
67 0
68 0.0078125
69 0
70 0
71 0
72 0
73 0
74 0
75 0
76 0.0078125
77 0
78 0
79 0
80 0.0078125
81 0.0078125
82 0
83 0
84 0
85 -0.0078125
86 0.0078125
87 0.0078125
88 0
89 0
90 0
91 0
92 0
93 0
94 0
95 0.0078125
96 0
97 0
98 0
99 0.0078125
100 0
101 0
102 0
103 0
104 0
105 -0.0078125
106 0
107 0
108 0
109 0
110 0
111 0
112 0
113 0
114 0
115 0
116 -0.0078125
117 -0.0078125
118 -0.0078125
119 0
120 0
121 0
122 0
123 -0.0078125
124 0
125 0
126 0
127 0
128 0
129 0
130 0
131 0
132 0
133 0.0078125
134 0
135 0.0078125
136 0
137 0
138 0
139 0
140 0
141 0
142 0.0078125
143 -0.0078125
144 0
145 0.0078125
146 -0.0078125
147 0
148 0
149 0
150 0
151 0
152 0
153 0
154 -0.0078125
155 0
156 0
157 0
158 -0.0078125
159 0
160 -0.0078125
161 0
162 0
163 0
164 0
165 0
166 -0.0078125
167 0
168 0
169 0
170 0
171 0
172 0
173 -0.0078125
174 0
175 0
176 0
177 0
178 0
179 0
180 0
181 0
182 -0.0078125
183 -0.0078125
184 0
185 0
186 0
187 0
188 0
189 0.0078125
190 0
191 0
192 0
193 0
194 0
195 -0.0078125
196 0
197 0
198 0
199 0
200 0
201 0
202 0
203 0
204 0
205 0.0078125
206 0
207 0.0078125
208 0
209 0
210 0.0078125
211 -0.0078125
212 0.0078125
213 0
214 0
215 0
216 -0.0078125
217 -0.0078125
218 0
219 0
220 0
221 -0.0078125
222 0
223 -0.0078125
224 0
225 0
226 0
227 -0.0078125
228 0
229 0
230 0
231 0
232 0.0078125
233 0
234 0
235 0
236 0
237 0
238 0
239 0.0078125
240 0
241 0.0078125
242 0
243 0
244 0
245 0
246 0
247 0
248 0.0078125
249 0
250 0
251 0
252 0.0078125
253 0.0078125
254 0
255 0
256 0
257 0
258 0
259 0
260 0
261 0
262 -0.0078125
263 0.0078125
264 0
265 0
266 0
267 0
268 0
269 0
270 0
271 0.0078125
272 0
273 0
274 -0.0078125
275 0
276 0
277 0
278 -0.0078125
279 -0.0078125
280 0
281 0
282 0.0078125
283 0
284 -0.0078125
285 0
286 0
287 0
288 0
289 0
290 0
291 -0.0078125
292 -0.0078125
293 0
294 0
295 -0.0078125
296 0.0078125
297 0
298 0.0078125
299 0
300 0
301 0
302 0
303 0
304 0
305 0.0078125
306 0
307 0
308 0
309 -0.0078125
310 0
311 0
312 0
313 0
314 0
315 0.0078125
316 -0.0078125
317 0
318 0
319 0
320 0
321 0
322 0
323 0
324 0
325 0
326 0.0078125
327 0
328 0
329 0
330 0
331 0
332 0
333 -0.0078125
334 0
335 0
336 -0.0078125
337 0
338 0
339 -0.0078125
340 0
341 0
342 0
343 0
344 0
345 0
346 0
347 0
348 0.0078125
349 0
350 0
351 -0.0078125
352 0.0078125
353 0
354 0
355 -0.0078125
356 -0.0078125
357 0
358 0
359 0
360 0.0078125
361 -0.0078125
362 0
363 0
364 0
365 -0.0078125
366 0.0078125
367 0
368 0
369 0
370 0.0078125
371 -0.0078125
372 0
373 0
374 0
375 0
376 0
377 0
378 0
379 0
380 0
381 0
382 0
383 -0.0078125
384 0
385 0
386 0
387 0
388 0
389 0
390 0
391 0
392 0
393 0
394 0.0078125
395 -0.0078125
396 0
397 0
398 -0.0078125
399 0.0078125
400 0
401 0
402 0
403 0
404 0
405 0
406 0
407 0
408 0
409 0
410 0
411 0
412 0
413 0
414 -0.0078125
415 0
416 0
417 0
418 0
419 0
420 0
421 0
422 -0.0078125
423 0
424 0
425 0
426 -0.0078125
427 0
428 0
429 -0.0078125
430 -0.0078125
431 0
432 0
433 0
434 0
435 0
436 0.0078125
437 0.0078125
438 -0.0078125
439 0
440 -0.0078125
441 0
442 0
443 0
444 0
445 0
446 0
447 0
448 0
449 0.0078125
450 0
451 0
452 0
453 0
454 -0.0078125
455 0.0078125
456 0
457 0
458 0.0078125
459 0
460 0
461 0
462 0
463 0
464 0.0078125
465 0.0078125
466 0
467 0
468 0
469 0
470 0
471 -0.0078125
472 0
473 -0.0078125
474 0.0078125
475 0
476 0.0078125
477 0
478 0
479 0.0078125
480 0
481 0
482 0.0078125
483 0
484 0
485 0
486 0.0078125
487 -0.0078125
488 -0.0078125
489 0.0078125
490 0
491 0
492 0
493 -0.0078125
494 0
495 0
496 0.0078125
497 0
498 0
499 0
500 0
501 0
502 0
503 -0.0078125
504 0
505 0
506 0
507 -0.0078125
508 0
509 0
510 0.0078125
511 0.0078125
512 -0.0078125
513 0
514 0
515 0
516 0
517 0
518 0
519 0
520 0
521 0
522 -0.0078125
523 0.0078125
524 0
525 0
526 0.0078125
527 0
528 0
529 0
530 0
531 0.0078125
532 -0.0078125
533 0
534 0
535 0
536 0
537 -0.0078125
538 0.0078125
539 0
540 0
541 -0.0078125
542 0
543 0
544 0
545 0
546 0
547 -0.0078125
548 0
549 -0.0078125
550 0.0078125
551 0
552 0
553 0.0078125
554 0
555 0
556 0
557 0
558 0
559 0
560 0
561 0
562 -0.0078125
563 0
564 0
565 0
566 0.0078125
567 0
568 0.0078125
569 0
570 0
571 0
572 0
573 -0.0078125
574 0
575 0
576 0.0078125
577 0.0078125
578 0
579 0
580 0
581 -0.0078125
582 -0.0078125
583 0
584 0
585 0
586 -0.0078125
587 0
588 0
589 0.0078125
590 0
591 0.0078125
592 0
593 0
594 0.0078125
595 0
596 0
597 0.0078125
598 0
599 0
600 0
601 0
602 0
603 0
604 0
605 0
606 0
607 0
608 0
609 -0.0078125
610 0.0078125
611 0
612 0
613 0
614 0
615 0
616 0
617 0
618 0
619 0
620 0
621 -0.0078125
622 0
623 -0.0078125
624 0
625 0
626 0
627 0
628 0
629 -0.0078125
630 0
631 0
632 0
633 0.0078125
634 0
635 0
636 0
637 0
638 0
639 0
640 0
641 0
642 0
643 -0.0078125
644 0.0078125
645 0.0078125
646 -0.0078125
647 0
648 0
649 0
650 0
651 0
652 0
653 0
654 0
655 0
656 0
657 0
658 0
659 0
660 -0.0078125
661 0
662 0
663 0
664 0
665 0
666 0
667 0
668 0
669 -0.0078125
670 0
671 0
672 0
673 0
674 -0.0078125
675 0
676 -0.0078125
677 0
678 0
679 0
680 0
681 0
682 -0.0078125
683 0
684 0
685 -0.0078125
686 0
687 0
688 0
689 0.0078125
690 0
691 0
692 0
693 0
694 0
695 0
696 0.0078125
697 0
698 0
699 0
700 0
701 0
702 0.0078125
703 0
704 0
705 0
706 0.0078125
707 0.0078125
708 0
709 0
710 0
711 0
712 0
713 0
714 0
715 0
716 0.0078125
717 0.0078125
718 0.0078125
719 0
720 0
721 -0.0078125
722 0
723 0
724 0
725 -0.0078125
726 -0.0078125
727 0
728 0
729 0
730 0
731 0
732 0
733 0
734 0
735 0
736 0
737 0
738 0
739 0
740 0
741 0
742 0
743 0
744 0
745 0
746 0
747 0
748 0.0078125
749 0.0078125
750 0.0078125
751 0
752 -0.0078125
753 0
754 0
755 0
756 0
757 0
758 0
759 0.0078125
760 -0.0078125
761 -0.0078125
762 0
763 0
764 0
765 0
766 0
767 0.0078125
768 0
769 -0.0078125
770 0
771 0
772 0
773 0
774 0
775 0
776 0
777 0
778 -0.0078125
779 0
780 0
781 0
782 0
783 0.0078125
784 0
785 0
786 0
787 0
788 0
789 -0.0078125
790 0.0078125
791 0.0078125
792 0
793 0
794 0
795 0
796 0.0078125
797 0
798 0
799 0
800 0
801 0
802 0
803 0
804 0
805 0
806 0
807 0
808 0
809 0.0078125
810 0
811 0
812 0
813 0
814 0
815 0
816 0.0078125
817 0
818 0
819 0
820 0
821 0
822 0
823 0
824 0
825 0
826 0
827 0.0078125
828 0
829 -0.0078125
830 0
831 0
832 0
833 0
834 -0.0078125
835 0
836 0
837 0
838 0
839 0
840 0
841 -0.0078125
842 0
843 0
844 -0.0078125
845 0
846 0
847 0
848 -0.0078125
849 0.0078125
850 0
851 0
852 0
853 0
854 0
855 0
856 0
857 0
858 0
859 0
860 0
861 0
862 0
863 -0.0078125
864 0
865 -0.0078125
866 0
867 0
868 0
869 0
870 0
871 0
872 0
873 0
874 0
875 0.0078125
876 0
877 0
878 0
879 0
880 0
881 0
882 0
883 0
884 0
885 0
886 0
887 0.0078125
888 0
889 0
890 0
891 0
892 0
893 0
894 0
895 0
896 0
897 -0.0078125
898 0
899 0
900 0.0078125
901 0
902 0
903 0
904 0
905 0
906 0
907 0
908 0.0078125
909 0
910 0
911 0
912 0
913 0
914 0
915 -0.0078125
916 0
917 0.0078125
918 0
919 0
920 0
921 0
922 0
923 0
924 0
925 0
926 -0.0078125
927 0
928 0
929 0
930 0
931 0
932 0
933 0
934 0
935 0.0078125
936 0
937 -0.0078125
938 0
939 0.0078125
940 0
941 0
942 -0.0078125
943 0
944 0
945 0
946 0
947 -0.0078125
948 0
949 0
950 0
951 0
952 0.0078125
953 0
954 0
955 0
956 0
957 0
958 0
959 0
960 0
961 -0.0078125
962 0
963 0
964 0
965 0
966 0
967 0
968 0
969 0
970 0
971 0.0078125
972 0
973 0
974 0
975 0
976 0
977 0.0078125
978 0
979 0
980 0.0078125
981 0
982 0.0078125
983 -0.0078125
984 0
985 0
986 0
987 0
988 0
989 0
990 0
991 0
992 -0.0078125
993 0
994 -0.0078125
995 -0.0078125
996 0
997 0
998 0
999 0
1000 0
1001 0
1002 0
1003 0
1004 0
1005 0
1006 -0.0078125
1007 0
1008 -0.0078125
1009 0
1010 0
1011 0
1012 0
1013 0
1014 0
1015 -0.0078125
1016 0
1017 0
1018 0
1019 0
1020 0
1021 0
1022 0
1023 0
1024 0
1025 0
1026 0
1027 0
1028 0
1029 0
1030 0
1031 0
1032 0
1033 0.0078125
1034 0.0078125
1035 0
1036 -0.0078125
1037 0
1038 0
1039 0
1040 0
1041 0
1042 0
1043 0
1044 0
1045 0
1046 0
1047 0
1048 0
1049 0
1050 0
1051 0
1052 0
1053 0.0078125
1054 0
1055 0
1056 0
1057 0
1058 0
1059 0.0078125
1060 0
1061 0
1062 0
1063 0
1064 0
1065 0
1066 0
1067 -0.0078125
1068 -0.0078125
1069 0
1070 0
1071 0
1072 0
1073 0
1074 -0.0078125
1075 -0.0078125
1076 0
1077 0
1078 0
1079 -0.0078125
1080 0.0078125
1081 0
1082 0
1083 -0.0078125
1084 0
1085 0
1086 0
1087 0
1088 0
1089 0
1090 0
1091 0
1092 0
1093 0
1094 0
1095 0
1096 0
1097 0
1098 0
1099 0
1100 0.0078125
1101 0
1102 0
1103 -0.0078125
1104 0
1105 0
1106 0
1107 0
1108 0
1109 0
1110 0.0078125
1111 0
1112 0
1113 -0.0078125
1114 -0.0078125
1115 0
1116 0
1117 0
1118 0
1119 -0.0078125
1120 0
1121 0
1122 0
1123 0
1124 0
1125 0.0078125
1126 0
1127 0
1128 0.0078125
1129 0
1130 0.0078125
1131 0
1132 0
1133 0
1134 0
1135 0
1136 0
1137 -0.0078125
1138 0
1139 0
1140 0
1141 0
1142 0
1143 0
1144 0.0078125
1145 0
1146 0
1147 0
1148 0
1149 0
1150 0
1151 -0.0078125
1152 -0.0078125
1153 0
1154 -0.0078125
1155 0
1156 0
1157 0
1158 0
1159 0
1160 0
1161 0
1162 0
1163 0
1164 0
1165 0
1166 0
1167 0
1168 0
1169 -0.0078125
1170 0
1171 0
1172 0
1173 0
1174 0.0078125
1175 0
1176 0
1177 0
1178 0
1179 0
1180 0
1181 0
1182 0
1183 0
1184 0
1185 -0.0078125
1186 0.0078125
1187 -0.0078125
1188 0
1189 0
1190 0
1191 0
1192 0
1193 0
1194 0
1195 0
1196 0.0078125
1197 0
1198 0.0078125
1199 0
1200 0
1201 0
1202 0.0078125
1203 -0.0078125
1204 0
1205 0
1206 0
1207 0
1208 0
1209 0
1210 0
1211 0
1212 0
1213 0
1214 -0.0078125
1215 0
1216 0
1217 0
1218 0
1219 0.0078125
1220 0.0078125
1221 0
1222 0.0078125
1223 0
1224 0
1225 0
1226 0
1227 0
1228 0
1229 0
1230 0
1231 0
1232 0
1233 -0.0078125
1234 -0.0078125
1235 -0.0078125
1236 -0.0078125
1237 0
1238 0
1239 0
1240 0
1241 0
1242 -0.0078125
1243 0
1244 0
1245 0
1246 0
1247 0
1248 -0.0078125
1249 0
1250 -0.0078125
1251 0
1252 0.0078125
1253 0
1254 0
1255 0.0078125
1256 0
1257 0
1258 -0.0078125
1259 0
1260 -0.0078125
1261 0
1262 0
1263 0
1264 -0.0078125
1265 0
1266 0.0078125
1267 -0.0078125
1268 0
1269 0
1270 0
1271 0
1272 -0.0078125
1273 0
1274 0.0078125
1275 0
1276 -0.0078125
1277 0.0078125
1278 0.0078125
1279 0
1280 0.0078125
1281 -0.0078125
1282 0
1283 0
1284 0.0078125
1285 0
1286 0
1287 -0.0078125
1288 0.0078125
1289 0
1290 0
1291 0.0078125
1292 0
1293 0
1294 0
1295 0
1296 0.0078125
1297 0
1298 0
1299 0
1300 0
1301 0.0078125
1302 0
1303 -0.0078125
1304 0
1305 -0.0078125
1306 0
1307 0.0078125
1308 0
1309 0.0078125
1310 -0.0078125
1311 0
1312 0.0078125
1313 0
1314 0
1315 0
1316 0
1317 0
1318 -0.0078125
1319 0
1320 0
1321 0
1322 0
1323 0
1324 0
1325 0
1326 0
1327 0
1328 0
1329 -0.0078125
1330 0
1331 0.0078125
1332 0
1333 0.0078125
1334 0
1335 -0.0078125
1336 0
1337 0
1338 0.0078125
1339 0
1340 0
1341 0
1342 0
1343 0
1344 0
1345 -0.0078125
1346 0
1347 -0.0078125
1348 0
1349 0
1350 0
1351 0
1352 0
1353 0
1354 0
1355 0.0078125
1356 0
1357 0.0078125
1358 0
1359 0
1360 0
1361 0
1362 0
1363 -0.0078125
1364 0
1365 0
1366 0
1367 0
1368 0
1369 -0.0078125
1370 0
1371 0
1372 0
1373 0
1374 0
1375 0
1376 0.0078125
1377 0
1378 0
1379 0
1380 0
1381 0.0078125
1382 0
1383 0
1384 0
1385 0
1386 0
1387 0
1388 0
1389 0
1390 0
1391 -0.0078125
1392 0
1393 0.0078125
1394 0
1395 0
1396 0
1397 0
1398 0
1399 0
1400 0
1401 0
1402 0
1403 0
1404 0
1405 0
1406 0
1407 0
1408 0
1409 -0.0078125
1410 0.0078125
1411 0
1412 0
1413 0
1414 -0.0078125
1415 0
1416 0
1417 0
1418 0.0078125
1419 0
1420 0
1421 0
1422 -0.0078125
1423 0
1424 0
1425 0
1426 0
1427 0.0078125
1428 0.0078125
1429 0
1430 0.0078125
1431 0
1432 0
1433 -0.0078125
1434 0
1435 -0.0078125
1436 0
1437 0
1438 0
1439 0
1440 0
1441 0
1442 0
1443 0
1444 0
1445 0
1446 0
1447 0
1448 0
1449 0.0078125
1450 0
1451 0
1452 0
1453 0
1454 0
1455 0
1456 0
1457 0
1458 0
1459 0
1460 0
1461 0
1462 0
1463 0
1464 0
1465 0
1466 0
1467 0
1468 0.0078125
1469 0
1470 0
1471 0
1472 0.0078125
1473 0
1474 0
1475 0
1476 0
1477 0
1478 0
1479 0
1480 0
1481 0.0078125
1482 0.0078125
1483 0
1484 0
1485 0.0078125
1486 0
1487 0
1488 0
1489 0
1490 0
1491 0.0078125
1492 0
1493 0
1494 -0.0078125
1495 0.0078125
1496 0
1497 -0.0078125
1498 -0.0078125
1499 0
1500 0
1501 0
1502 0
1503 0
1504 0.0078125
1505 0
1506 0.0078125
1507 0
1508 0
1509 0
1510 0.0078125
1511 0
1512 -0.0078125
1513 0
1514 -0.0078125
1515 0
1516 0
1517 -0.0078125
1518 0
1519 0
1520 0
1521 -0.0078125
1522 0
1523 0
1524 0
1525 0
1526 0
1527 0
1528 0
1529 0
1530 0.0078125
1531 -0.0078125
1532 0
1533 0
1534 0
1535 0
1536 -0.0078125
1537 0
1538 0
1539 0
1540 0
1541 0
1542 0.0078125
1543 0
1544 0
1545 0
1546 0
1547 0
1548 0
1549 0
1550 0
1551 0.0078125
1552 0.0078125
1553 0
1554 0
1555 0
1556 0
1557 0
1558 0
1559 0
1560 0
1561 0
1562 0.0078125
1563 0
1564 -0.0078125
1565 0
1566 0
1567 0
1568 0
1569 0
1570 0
1571 0
1572 0
1573 0
1574 0
1575 0.0078125
1576 0
1577 0.0078125
1578 0.0078125
1579 0.0078125
1580 0
1581 0
1582 0
1583 0
1584 0
1585 0
1586 0
1587 0
1588 0
1589 0
1590 0
1591 0
1592 -0.0078125
1593 0
1594 0
1595 0
1596 -0.0078125
1597 0
1598 -0.0078125
1599 0
1600 0
1601 0
1602 0
1603 0
1604 0
1605 0
1606 -0.0078125
1607 0.0078125
1608 0
1609 0.0078125
1610 0
1611 0
1612 0
1613 0
1614 0.0078125
1615 0.0078125
1616 0
1617 -0.0078125
1618 0
1619 0.0078125
1620 -0.0078125
1621 0
1622 0
1623 0
1624 0
1625 0
1626 0
1627 0
1628 0
1629 0
1630 0
1631 0
1632 0
1633 0
1634 0.0078125
1635 -0.0078125
1636 0
1637 0
1638 0
1639 0
1640 0
1641 0
1642 0
1643 -0.0078125
1644 0
1645 -0.0078125
1646 0
1647 0
1648 0
1649 0
1650 0
1651 -0.0078125
1652 0
1653 0.0078125
1654 0
1655 0
1656 0
1657 0.0078125
1658 0
1659 0
1660 0
1661 0
1662 0
1663 0
1664 0
1665 0
1666 0
1667 0
1668 0
1669 0
1670 0
1671 0
1672 0.0078125
1673 0
1674 0.0078125
1675 0
1676 -0.0078125
1677 -0.0078125
1678 -0.0078125
1679 0
1680 0
1681 0
1682 0
1683 0
1684 0
1685 0
1686 -0.0078125
1687 0
1688 0
1689 0.0078125
1690 -0.0078125
1691 0
1692 0.0078125
1693 0
1694 0
1695 0
1696 0
1697 0
1698 0
1699 0
1700 -0.0078125
1701 0
1702 0
1703 0
1704 0
1705 0
1706 0
1707 0
1708 0
1709 0
1710 0
1711 0
1712 0
1713 0
1714 0
1715 0
1716 0
1717 0
1718 0
1719 0
1720 0
1721 0
1722 0
1723 0.0078125
1724 0
1725 0.0078125
1726 0
1727 0
1728 0
1729 0.0078125
1730 0
1731 0
1732 -0.0078125
1733 0.0078125
1734 0
1735 -0.0078125
1736 0
1737 0
1738 -0.0078125
1739 0
1740 0
1741 0
1742 0
1743 -0.0078125
1744 0
1745 0
1746 0
1747 0
1748 0.0078125
1749 0
1750 0
1751 0
1752 0.0078125
1753 0
1754 0
1755 0.0078125
1756 -0.0078125
1757 0
1758 0
1759 0
1760 0
1761 0
1762 0
1763 -0.0078125
1764 0
1765 0.0078125
1766 0
1767 0
1768 0
1769 0.0078125
1770 -0.0078125
1771 0
1772 0
1773 0
1774 -0.0078125
1775 0
1776 0
1777 0
1778 -0.0078125
1779 0
1780 0.0078125
1781 0
1782 -0.0078125
1783 0
1784 0
1785 -0.0078125
1786 -0.0078125
1787 0
1788 0
1789 0
1790 0
1791 -0.0078125
1792 -0.0078125
1793 -0.0078125
1794 0
1795 0
1796 0
1797 0
1798 0
1799 0
1800 0
1801 0
1802 0
1803 0.0078125
1804 0
1805 -0.0078125
1806 0
1807 0.0078125
1808 0
1809 0.0078125
1810 0
1811 0
1812 0
1813 -0.0078125
1814 0
1815 0
1816 0
1817 0
1818 0
1819 0
1820 -0.0078125
1821 0.0078125
1822 0
1823 0
1824 0
1825 0
1826 0.0078125
1827 0
1828 0
1829 0
1830 -0.0078125
1831 0
1832 0.0078125
1833 0
1834 0
1835 0
1836 0
1837 0
1838 0
1839 0
1840 0
1841 0
1842 0
1843 -0.0078125
1844 0.0078125
1845 -0.0078125
1846 0
1847 0.0078125
1848 0
1849 0
1850 0
1851 0
1852 0
1853 0
1854 0
1855 0
1856 0
1857 0
1858 0
1859 0
1860 0
1861 0
1862 0
1863 0.0078125
1864 0
1865 0
1866 0
1867 0
1868 -0.0078125
1869 0.0078125
1870 0
1871 0
1872 0
1873 0
1874 0
1875 0
1876 0
1877 0
1878 0
1879 0
1880 0
1881 0
1882 -0.0078125
1883 0
1884 0
1885 0
1886 -0.0078125
1887 0
1888 0
1889 0.0078125
1890 0.0078125
1891 0
1892 0
1893 0
1894 0
1895 -0.0078125
1896 0
1897 0.0078125
1898 0
1899 -0.0078125
1900 0
1901 0
1902 0
1903 0
1904 -0.0078125
1905 0
1906 0
1907 0
1908 0
1909 0
1910 -0.0078125
1911 -0.0078125
1912 0
1913 0
1914 0
1915 0
1916 0.0078125
1917 0
1918 0
1919 0
1920 0
1921 -0.0078125
1922 0
1923 0
1924 0
1925 0
1926 0
1927 0
1928 0
1929 0
1930 0.0078125
1931 0
1932 -0.0078125
1933 0
1934 0
1935 -0.0078125
1936 0
1937 0
1938 0
1939 0
1940 0
1941 0
1942 0
1943 0
1944 0
1945 0
1946 0
1947 0.0078125
1948 0
1949 0
1950 0
1951 0
1952 -0.0078125
1953 -0.0078125
1954 0
1955 -0.0078125
1956 0
1957 0
1958 0
1959 -0.0078125
1960 0
1961 0
1962 0
1963 0
1964 0.0078125
1965 0.0078125
1966 -0.0078125
1967 0
1968 0
1969 -0.0078125
1970 -0.0078125
1971 0
1972 0
1973 -0.0078125
1974 0
1975 0
1976 -0.0078125
1977 0
1978 0
1979 -0.0078125
1980 0.0078125
1981 -0.0078125
1982 0
1983 0
1984 -0.0078125
1985 0
1986 0
1987 0
1988 0
1989 0
1990 0
1991 0
1992 0.0078125
1993 0
1994 0
1995 -0.0078125
1996 0.0078125
1997 0.0078125
1998 0
1999 0
2000 0
2001 0
2002 0
2003 0
2004 0
2005 0
2006 0
2007 0.0078125
2008 0
2009 0
2010 0
2011 0
2012 0
2013 0
2014 -0.0078125
2015 0
2016 0
2017 -0.0078125
2018 0
2019 0
2020 0.0078125
2021 0
2022 0
2023 0.0078125
2024 0
2025 0
2026 0
2027 0.0078125
2028 0
2029 0
2030 0
2031 0
2032 0
2033 0
2034 0.0078125
2035 -0.0078125
2036 0
2037 0
2038 0
2039 0.0078125
2040 0
2041 -0.0078125
2042 0
2043 0
2044 0
2045 0
2046 0
2047 -0.0078125
2048 0
2049 0
2050 0
2051 0
2052 0.0078125
2053 0
2054 0
2055 0.0078125
2056 0
2057 0
2058 0
2059 0.0078125
2060 0
2061 0
2062 0
2063 0
2064 0
2065 0.0078125
2066 0
2067 0
2068 0
2069 0
2070 0
2071 0
2072 0
2073 0.0078125
2074 0
2075 0
2076 0
2077 0
2078 -0.0078125
2079 0
2080 0
2081 -0.0078125
2082 -0.0078125
2083 0
2084 -0.0078125
2085 0
2086 0
2087 0
2088 0.0078125
2089 0.0078125
2090 0
2091 0
2092 0
2093 -0.0078125
2094 0.0078125
2095 0
2096 0
2097 0
2098 0
2099 0.0078125
2100 0
2101 0.0078125
2102 0
2103 0
2104 0.0078125
2105 0.0078125
2106 0
2107 0
2108 0
2109 0
2110 0
2111 -0.0078125
2112 0
2113 0
2114 0
2115 -0.0078125
2116 0
2117 0
2118 0.0078125
2119 0
2120 0
2121 0
2122 0
2123 0.0078125
2124 0
2125 0.0078125
2126 0
2127 0
2128 0
2129 0
2130 -0.0078125
2131 0
2132 0
2133 0
2134 0
2135 0
2136 -0.0078125
2137 0
2138 0
2139 0
2140 0.0078125
2141 0.0078125
2142 0
2143 0
2144 -0.0078125
2145 0
2146 0
2147 0.0078125
2148 0
2149 0
2150 -0.0078125
2151 0.0078125
2152 0
2153 0
2154 0
2155 0
2156 -0.0078125
2157 0
2158 0
2159 0
2160 0
2161 0
2162 0
2163 0
2164 0
2165 0
2166 0
2167 0
2168 0.0078125
2169 0
2170 0
2171 0
2172 -0.0078125
2173 0
2174 0.0078125
2175 0
2176 0
2177 0.0078125
2178 -0.0078125
2179 0
2180 -0.0078125
2181 -0.0078125
2182 0
2183 0
2184 0
2185 0
2186 0
2187 0
2188 0
2189 0
2190 -0.0078125
2191 0
2192 -0.0078125
2193 0.0078125
2194 0
2195 0.0078125
2196 0.0078125
2197 0
2198 0
2199 0
2200 0
2201 0
2202 0
2203 0
2204 0
2205 0
2206 0
2207 0
2208 0
2209 0
2210 0
2211 0.0078125
2212 0
2213 -0.0078125
2214 0
2215 0
2216 0
2217 0
2218 0
2219 0
2220 -0.0078125
2221 0
2222 0
2223 -0.0078125
2224 0
2225 0
2226 0
2227 0
2228 0
2229 0
2230 0
2231 0.0078125
2232 0.0078125
2233 0
2234 0
2235 0
2236 0
2237 0
2238 0
2239 0
2240 -0.0078125
2241 0
2242 0
2243 0
2244 0
2245 0
2246 0
2247 -0.0078125
2248 -0.0078125
2249 0
2250 0
2251 0
2252 0
2253 0
2254 0.0078125
2255 0
2256 0.0078125
2257 -0.0078125
2258 0
2259 0
2260 -0.0078125
2261 0
2262 0
2263 0
2264 0.0078125
2265 0
2266 0
2267 0
2268 0
2269 0
2270 0
2271 0
2272 0.0078125
2273 0
2274 0.0078125
2275 0
2276 0
2277 0
2278 -0.0078125
2279 -0.0078125
2280 0
2281 0
2282 0
2283 0
2284 0.0078125
2285 0
2286 -0.0078125
2287 0
2288 0
2289 0
2290 0
2291 0.0078125
2292 0
2293 -0.0078125
2294 0
2295 0
2296 0
2297 0
2298 0
2299 0.0078125
2300 0
2301 0
2302 0
2303 0
2304 0
2305 0
2306 0
2307 0
2308 0
2309 0
2310 0.0078125
2311 0
2312 0
2313 0
2314 0
2315 0
2316 0
2317 0
2318 0
2319 0
2320 0
2321 0
2322 0
2323 0
2324 -0.0078125
2325 -0.0078125
2326 0
2327 0
2328 0
2329 0
2330 0
2331 0
2332 -0.0078125
2333 0
2334 0
2335 -0.0078125
2336 0
2337 0
2338 0
2339 0
2340 0
2341 0
2342 0
2343 0
2344 0
2345 0
2346 0
2347 0
2348 0
2349 0
2350 0
2351 0
2352 0
2353 -0.0078125
2354 0
2355 0
2356 0.0078125
2357 0
2358 0
2359 -0.0078125
2360 0.0078125
2361 0
2362 0
2363 0
2364 0
2365 0
2366 0
2367 0
2368 0
2369 0
2370 0
2371 -0.0078125
2372 0.0078125
2373 0
2374 0
2375 -0.0078125
2376 0
2377 0
2378 0
2379 0.0078125
2380 0
2381 -0.0078125
2382 0
2383 0
2384 0
2385 0
2386 0
2387 0
2388 0
2389 0.0078125
2390 -0.0078125
2391 0
2392 -0.0078125
2393 0
2394 -0.0078125
2395 -0.0078125
2396 0
2397 0
2398 0
2399 0.0078125
2400 0
2401 0
2402 0
2403 0
2404 0
2405 0.0078125
2406 0
2407 -0.0078125
2408 -0.0078125
2409 0
2410 0
2411 0
2412 0
2413 0
2414 0
2415 0
2416 -0.0078125
2417 0
2418 -0.0078125
2419 0
2420 0.0078125
2421 0
2422 0
2423 0
2424 0
2425 0.0078125
2426 0
2427 0
2428 0
2429 0
2430 0
2431 -0.0078125
2432 -0.0078125
2433 0
2434 0
2435 0
2436 0
2437 -0.0078125
2438 0
2439 0.0078125
2440 0
2441 0.0078125
2442 0
2443 0
2444 0
2445 0
2446 -0.0078125
2447 0
2448 0
2449 0
2450 -0.0078125
2451 0
2452 0
2453 0
2454 0
2455 0
2456 0
2457 0
2458 0
2459 -0.0078125
2460 0
2461 0
2462 0
2463 0.0078125
2464 0
2465 0.0078125
2466 0
2467 -0.0078125
2468 0
2469 0.0078125
2470 0
2471 0
2472 -0.0078125
2473 0
2474 0
2475 0
2476 0
2477 0
2478 0
2479 0.0078125
2480 0
2481 0.0078125
2482 0
2483 0
2484 0
2485 0
2486 0
2487 0.0078125
2488 0
2489 0.0078125
2490 0
2491 0
2492 0
2493 0.0078125
2494 0
2495 0
2496 0
2497 0
2498 0
2499 -0.0078125
2500 0
2501 0
2502 0
2503 0
2504 0
2505 0
2506 0
2507 0
2508 0
2509 -0.0078125
2510 0
2511 0
2512 0
2513 0
2514 0
2515 0
2516 0
2517 0
2518 0
2519 0
2520 0.0078125
2521 0
2522 0.0078125
2523 0
2524 0
2525 0.0078125
2526 0
2527 0
2528 0.0078125
2529 0
2530 0
2531 0.0078125
2532 0
2533 0
2534 0.0078125
2535 0
2536 0
2537 0
2538 0
2539 0
2540 0
2541 0
2542 0
2543 0
2544 0
2545 0
2546 0.0078125
2547 0
2548 0
2549 -0.0078125
2550 0
2551 0
2552 -0.0078125
2553 0
2554 -0.0078125
2555 0
2556 0
2557 0.0078125
2558 0.0078125
2559 0
2560 0
2561 0
2562 -0.0078125
2563 0
2564 0
2565 0
2566 0
2567 0
2568 0
2569 0.0078125
2570 0
2571 0
2572 -0.0078125
2573 0
2574 0
2575 0
2576 0
2577 -0.0078125
2578 0
2579 0.0078125
2580 0
2581 0
2582 0
2583 0
2584 0
2585 -0.0078125
2586 0
2587 0
2588 0
2589 0
2590 0
2591 0
2592 0
2593 0.0078125
2594 0
2595 0
2596 0
2597 0
2598 0
2599 -0.0078125
2600 0
2601 0
2602 0
2603 0
2604 0
2605 0.0078125
2606 0
2607 0
2608 0
2609 0
2610 0
2611 0
2612 0
2613 0.0078125
2614 0
2615 -0.0078125
2616 0
2617 -0.0078125
2618 0.0078125
2619 0
2620 0
2621 0
2622 0
2623 -0.0078125
2624 0
2625 -0.0078125
2626 0
2627 0
2628 0
2629 0
2630 -0.0078125
2631 0.0078125
2632 0
2633 0
2634 0
2635 0.0078125
2636 0
2637 -0.0078125
2638 0
2639 0.0078125
2640 0.0078125
2641 0
2642 -0.0078125
2643 0
2644 0
2645 0
2646 0
2647 0
2648 0
2649 0
2650 0
2651 -0.0078125
2652 0
2653 0
2654 0
2655 0
2656 0.0078125
2657 -0.0078125
2658 0
2659 0
2660 -0.0078125
2661 0
2662 0
2663 0
2664 0
2665 0
2666 0.0078125
2667 0.0078125
2668 0
2669 0
2670 0
2671 -0.0078125
2672 -0.0078125
2673 0
2674 0
2675 0
2676 0.0078125
2677 0
2678 0
2679 0
2680 0
2681 0
2682 0
2683 0.0078125
2684 0
2685 0
2686 -0.0078125
2687 0
2688 0
2689 0.0078125
2690 0
2691 0
2692 0
2693 0
2694 0
2695 0.0078125
2696 0
2697 0
2698 -0.0078125
2699 0
2700 0
2701 0
2702 0
2703 0
2704 0
2705 0
2706 0
2707 0.0078125
2708 0
2709 0
2710 0
2711 0
2712 0
2713 0
2714 0
2715 0
2716 0.0078125
2717 0
2718 0
2719 0
2720 0
2721 0
2722 0
2723 -0.0078125
2724 0
2725 0
2726 0
2727 0
2728 0.0078125
2729 0
2730 0
2731 0.0078125
2732 0
2733 0
2734 0
2735 0.0078125
2736 -0.0078125
2737 0
2738 -0.0078125
2739 0
2740 0
2741 0
2742 0.0078125
2743 0
2744 0
2745 0
2746 0
2747 0
2748 0
2749 0.0078125
2750 0
2751 0
2752 0
2753 0
2754 0
2755 0
2756 0
2757 0
2758 0
2759 -0.0078125
2760 0
2761 0
2762 0
2763 0.0078125
2764 0
2765 0
2766 0
2767 0.0078125
2768 0
2769 0
2770 0
2771 0
2772 0
2773 0
2774 0
2775 0
2776 0
2777 0
2778 0.0078125
2779 0
2780 0.0078125
2781 0
2782 -0.0078125
2783 0
2784 0
2785 -0.0078125
2786 0
2787 0
2788 0
2789 -0.0078125
2790 0
2791 0
2792 0
2793 -0.0078125
2794 0
2795 -0.0078125
2796 0.0078125
2797 -0.0078125
2798 0.0078125
2799 0
2800 0
2801 0
2802 0
2803 0
2804 0.0078125
2805 0
2806 0.0078125
2807 0
2808 0
2809 0
2810 0
2811 0
2812 0
2813 0
2814 0
2815 0
2816 0
2817 0
2818 0.0078125
2819 0
2820 0
2821 -0.0078125
2822 0
2823 0
2824 0
2825 0
2826 0
2827 0
2828 0
2829 0
2830 0
2831 0
2832 -0.0078125
2833 0
2834 0
2835 0.0078125
2836 0
2837 0
2838 -0.0078125
2839 0
2840 0
2841 0
2842 0
2843 0
2844 0
2845 0
2846 0
2847 -0.0078125
2848 0
2849 0.0078125
2850 0
2851 0
2852 0
2853 0
2854 0.0078125
2855 0
2856 0
2857 0
2858 0
2859 0
2860 -0.0078125
2861 0
2862 0
2863 -0.0078125
2864 0
2865 0
2866 0
2867 0
2868 0
2869 0
2870 0
2871 0
2872 0
2873 0
2874 0
2875 0.0078125
2876 0.0078125
2877 0.0078125
2878 0.0078125
2879 0
2880 0
2881 -0.0078125
2882 0.0078125
2883 0
2884 0
2885 0
2886 0
2887 0
2888 0
2889 0
2890 0
2891 0
2892 0
2893 0
2894 0
2895 0.0078125
2896 0
2897 0
2898 0.0078125
2899 0
2900 0.0078125
2901 0
2902 0
2903 0.0078125
2904 0
2905 0
2906 0
2907 0
2908 0.0078125
2909 0
2910 0
2911 -0.0078125
2912 0
2913 0
2914 0.0078125
2915 0.0078125
2916 0
2917 0
2918 -0.0078125
2919 0
2920 -0.0078125
2921 -0.0078125
2922 0
2923 0
2924 0
2925 0.0078125
2926 0.0078125
2927 0
2928 -0.0078125
2929 0
2930 0.0078125
2931 0
2932 0
2933 0
2934 0
2935 0.0078125
2936 0
2937 0.0078125
2938 -0.0078125
2939 0
2940 0.0078125
2941 0
2942 0
2943 0
2944 -0.0078125
2945 0
2946 0
2947 0
2948 0.0078125
2949 0
2950 -0.0078125
2951 0
2952 -0.0078125
2953 -0.0078125
2954 0
2955 0
2956 0.0078125
2957 0
2958 0
2959 0
2960 0.0078125
2961 0.0078125
2962 0
2963 0
2964 0.0078125
2965 0.0078125
2966 -0.0078125
2967 0
2968 -0.0078125
2969 0
2970 0
2971 0
2972 0.0078125
2973 0
2974 0
2975 0
2976 0
2977 -0.0078125
2978 0
2979 0
2980 -0.0078125
2981 0
2982 0
2983 -0.0078125
2984 -0.0078125
2985 0.0078125
2986 0
2987 0
2988 0
2989 0
2990 -0.0078125
2991 0
2992 0.0078125
2993 0
2994 0
2995 0
2996 -0.0078125
2997 0.0078125
2998 0
2999 0.0078125
3000 0
3001 0.0078125
3002 -0.0078125
3003 0
3004 0
3005 0
3006 -0.0078125
3007 0
3008 0
3009 0
3010 0
3011 0
3012 0
3013 0
3014 0
3015 0
3016 0
3017 0
3018 0
3019 0
3020 0
3021 0
3022 0
3023 0
3024 0.0078125
3025 0
3026 0
3027 0
3028 0
3029 0.0078125
3030 0
3031 0
3032 0
3033 0
3034 0
3035 0
3036 0
3037 0
3038 0
3039 0
3040 0
3041 0
3042 0
3043 0
3044 0
3045 0
3046 0
3047 0
3048 0
3049 0
3050 0.0078125
3051 0
3052 0
3053 0
3054 0
3055 -0.0078125
3056 0
3057 0
3058 0.0078125
3059 0
3060 0
3061 0
3062 0
3063 0
3064 -0.0078125
3065 0
3066 0
3067 0
3068 0
3069 0
3070 0
3071 -0.0078125
3072 0
3073 0
3074 -0.0078125
3075 0
3076 0
3077 0
3078 -0.0078125
3079 0
3080 0
3081 0
3082 0
3083 -0.0078125
3084 0
3085 0
3086 0
3087 0
3088 0
3089 0
3090 0
3091 0
3092 0
3093 0
3094 0
3095 0
3096 0
3097 0
3098 0
3099 -0.0078125
3100 0
3101 0
3102 0
3103 -0.0078125
3104 0
3105 -0.0078125
3106 0
3107 -0.0078125
3108 0
3109 0
3110 0
3111 0
3112 0.0078125
3113 0
3114 0
3115 0
3116 0
3117 -0.0078125
3118 0.0078125
3119 0
3120 0
3121 0
3122 0
3123 0
3124 0.0078125
3125 0
3126 0
3127 0
3128 0
3129 0
3130 0
3131 0.0078125
3132 0
3133 0
3134 0
3135 0
3136 -0.0078125
3137 0
3138 -0.0078125
3139 0
3140 0
3141 0
3142 0
3143 0
3144 0
3145 0
3146 0
3147 0
3148 0
3149 0
3150 0
3151 0
3152 0
3153 0
3154 0
3155 0
3156 0.0078125
3157 0
3158 0.0078125
3159 0.0078125
3160 0
3161 0.0078125
3162 0
3163 0
3164 0
3165 0
3166 0
3167 0.0078125
3168 0
3169 0.0078125
3170 0
3171 0
3172 0
3173 0.0078125
3174 0
3175 0
3176 -0.0078125
3177 0
3178 0
3179 0.0078125
3180 0
3181 -0.0078125
3182 0
3183 0
3184 0
3185 0
3186 -0.0078125
3187 -0.0078125
3188 0.0078125
3189 0
3190 0
3191 0.0078125
3192 0
3193 0
3194 0.0078125
3195 0
3196 0
3197 0
3198 -0.0078125
3199 0.0078125
3200 0
3201 0
3202 0
3203 0
3204 0
3205 0
3206 -0.0078125
3207 0
3208 0
3209 0
3210 0
3211 0
3212 0
3213 0
3214 0
3215 0
3216 0
3217 0
3218 0
3219 0
3220 0
3221 0
3222 0
3223 0
3224 0
3225 0
3226 0
3227 -0.0078125
3228 0
3229 -0.0078125
3230 0
3231 -0.0078125
3232 0
3233 0
3234 0
3235 0
3236 0
3237 -0.0078125
3238 0
3239 -0.0078125
3240 0.0078125
3241 0
3242 0
3243 0
3244 0
3245 0
3246 -0.0078125
3247 0
3248 -0.0078125
3249 0
3250 -0.0078125
3251 0
3252 0
3253 0
3254 0
3255 -0.0078125
3256 0
3257 -0.0078125
3258 0
3259 0.0078125
3260 0
3261 0
3262 0
3263 0
3264 0
3265 0
3266 0.0078125
3267 0
3268 0
3269 0
3270 0
3271 0
3272 0
3273 -0.0078125
3274 0
3275 0
3276 0
3277 0
3278 0
3279 0
3280 0
3281 0
3282 0.0078125
3283 0
3284 0.0078125
3285 0.0078125
3286 0
3287 0
3288 0
3289 0
3290 0
3291 0
3292 0
3293 0
3294 0
3295 0
3296 0.0078125
3297 0
3298 0.0078125
3299 0
3300 0
3301 0
3302 0
3303 0
3304 0
3305 0
3306 0.0078125
3307 0
3308 0
3309 0
3310 0.0078125
3311 0
3312 0.0078125
3313 0.0078125
3314 0
3315 0
3316 0
3317 0
3318 -0.0078125
3319 0
3320 0
3321 0.0078125
3322 0
3323 0
3324 0
3325 0
3326 0
3327 0
3328 0
3329 0
3330 0
3331 0
3332 0
3333 0
3334 0
3335 -0.0078125
3336 0
3337 0
3338 0
3339 0
3340 0
3341 0
3342 0
3343 0
3344 0
3345 -0.0078125
3346 0
3347 0.0078125
3348 0
3349 0
3350 0
3351 0
3352 0
3353 0
3354 0
3355 -0.0078125
3356 0.0078125
3357 0
3358 0
3359 0
3360 0.0078125
3361 0
3362 0.0078125
3363 0
3364 0
3365 0
3366 0
3367 0
3368 0
3369 0
3370 -0.0078125
3371 0
3372 0.0078125
3373 0
3374 0
3375 0
3376 0.0078125
3377 0
3378 0
3379 0
3380 0
3381 -0.0078125
3382 0.0078125
3383 0.0078125
3384 0
3385 0
3386 0.0078125
3387 0
3388 0
3389 0
3390 0
3391 0
3392 0
3393 0
3394 0
3395 -0.0078125
3396 0
3397 0
3398 0
3399 0
3400 0.0078125
3401 0
3402 0
3403 0
3404 0
3405 0
3406 0
3407 -0.0078125
3408 -0.0078125
3409 0.0078125
3410 0
3411 0
3412 0.0078125
3413 0
3414 0
3415 -0.0078125
3416 0
3417 -0.0078125
3418 0.0078125
3419 0
3420 0.0078125
3421 0
3422 0
3423 0
3424 0
3425 0.0078125
3426 -0.0078125
3427 0
3428 0
3429 0
3430 0
3431 0
3432 0
3433 0
3434 0
3435 0
3436 0
3437 0
3438 0
3439 0
3440 0
3441 -0.0078125
3442 0
3443 0
3444 0
3445 0
3446 0.0078125
3447 0
3448 0
3449 0
3450 0
3451 0
3452 0
3453 0
3454 0
3455 -0.0078125
3456 0
3457 0
3458 0
3459 -0.0078125
3460 0
3461 0
3462 0.0078125
3463 0
3464 -0.0078125
3465 0
3466 0
3467 0
3468 0
3469 0.0078125
3470 0.0078125
3471 0.0078125
3472 0
3473 0
3474 -0.0078125
3475 0
3476 0
3477 -0.0078125
3478 0
3479 0
3480 0
3481 0
3482 -0.0078125
3483 0
3484 0
3485 0
3486 0
3487 0
3488 0
3489 0.0078125
3490 0
3491 0
3492 0
3493 0
3494 0
3495 0.0078125
3496 0
3497 0
3498 0
3499 0
3500 0
3501 0
3502 0
3503 -0.0078125
3504 0.0078125
3505 -0.0078125
3506 0
3507 -0.0078125
3508 0
3509 0
3510 0
3511 0
3512 -0.0078125
3513 0
3514 0
3515 0
3516 0
3517 0
3518 0
3519 0
3520 0
3521 0
3522 0.0078125
3523 0
3524 0
3525 0
3526 0
3527 0
3528 0
3529 0
3530 0
3531 0
3532 0
3533 0
3534 0
3535 0
3536 0
3537 -0.0078125
3538 0
3539 0
3540 0
3541 0.0078125
3542 0
3543 0
3544 0
3545 0
3546 -0.0078125
3547 0
3548 -0.0078125
3549 0
3550 0.0078125
3551 0
3552 0
3553 0.0078125
3554 0
3555 0
3556 0
3557 0
3558 0
3559 0
3560 0
3561 0
3562 0
3563 0
3564 0.0078125
3565 -0.0078125
3566 0
3567 -0.0078125
3568 0
3569 0
3570 -0.0078125
3571 0
3572 0
3573 0
3574 0
3575 -0.0078125
3576 0
3577 0
3578 0
3579 0
3580 0
3581 0.0078125
3582 0
3583 0
3584 0
3585 0
3586 0
3587 0
3588 0
3589 -0.0078125
3590 0
3591 0
3592 0
3593 0
3594 0
3595 0
3596 -0.0078125
3597 0
3598 0
3599 0
3600 0
3601 0
3602 0
3603 -0.0078125
3604 0
3605 -0.0078125
3606 0
3607 0
3608 0
3609 0
3610 0.0078125
3611 0
3612 0
3613 0
3614 0
3615 0
3616 0
3617 0
3618 0
3619 0
3620 0
3621 0
3622 0
3623 0.0078125
3624 0
3625 0
3626 0
3627 0
3628 0.0078125
3629 0
3630 -0.0078125
3631 0
3632 0.0078125
3633 0
3634 0
3635 0
3636 0
3637 0
3638 0
3639 0
3640 -0.0078125
3641 -0.0078125
3642 0
3643 0
3644 0
3645 0.0078125
3646 0
3647 -0.0078125
3648 0
3649 0
3650 -0.0078125
3651 0
3652 0
3653 0
3654 -0.0078125
3655 0
3656 0
3657 0.0078125
3658 0
3659 0
3660 0
3661 0
3662 0
3663 0
3664 0.0078125
3665 0
3666 0
3667 0
3668 0
3669 0.0078125
3670 0
3671 0
3672 0
3673 0.0078125
3674 0.0078125
3675 0
3676 0
3677 0
3678 0
3679 0
3680 0
3681 0.0078125
3682 0
3683 0.0078125
3684 0
3685 0
3686 0
3687 0.0078125
3688 0
3689 0
3690 0
3691 -0.0078125
3692 0.0078125
3693 0.0078125
3694 0
3695 -0.0078125
3696 0
3697 0
3698 0
3699 0
3700 0
3701 0
3702 0
3703 0
3704 0
3705 0
3706 0
3707 0.0078125
3708 0
3709 0.0078125
3710 0
3711 0
3712 0
3713 0
3714 0
3715 -0.0078125
3716 0
3717 0.0078125
3718 0
3719 0
3720 -0.0078125
3721 0
3722 -0.0078125
3723 0
3724 0
3725 -0.0078125
3726 0
3727 0
3728 0
3729 0
3730 0
3731 0
3732 0
3733 0
3734 0
3735 0
3736 0
3737 0
3738 0
3739 0
3740 0
3741 0
3742 0
3743 0
3744 0
3745 0
3746 0
3747 0
3748 0
3749 0
3750 0
3751 0
3752 0
3753 0
3754 0
3755 0
3756 0
3757 0
3758 0
3759 -0.0078125
3760 0
3761 0
3762 0
3763 0
3764 0
3765 0
3766 0
3767 -0.0078125
3768 0
3769 0
3770 0
3771 0
3772 0
3773 0
3774 0
3775 0
3776 0
3777 0
3778 0
3779 0
3780 0
3781 0
3782 0
3783 0
3784 0
3785 0
3786 0
3787 0
3788 0
3789 0
3790 0.0078125
3791 -0.0078125
3792 0
3793 0
3794 0
3795 0
3796 0
3797 0
3798 0
3799 0.0078125
3800 0
3801 0
3802 0
3803 0
3804 0
3805 -0.0078125
3806 0
3807 0
3808 0
3809 0
3810 0
3811 0
3812 0
3813 0
3814 0
3815 0
3816 -0.0078125
3817 -0.0078125
3818 -0.0078125
3819 -0.0078125
3820 0
3821 -0.0078125
3822 0
3823 0
3824 0
3825 0
3826 0
3827 0
3828 -0.0078125
3829 -0.0078125
3830 0
3831 -0.0078125
3832 0
3833 0
3834 0
3835 -0.0078125
3836 0
3837 0
3838 0
3839 0
3840 0
3841 0
3842 0
3843 0.0078125
3844 0
3845 0
3846 0
3847 0
3848 0
3849 0
3850 0
3851 0
3852 0
3853 0
3854 0.0078125
3855 0.0078125
3856 0
3857 0
3858 0
3859 0
3860 0
3861 0
3862 0
3863 0
3864 0
3865 0
3866 0
3867 0.0078125
3868 0
3869 0
3870 0
3871 0
3872 0
3873 0.0078125
3874 0.0078125
3875 0
3876 0
3877 0
3878 0
3879 0
3880 -0.0078125
3881 0
3882 0
3883 0
3884 0
3885 0
3886 0
3887 0.0078125
3888 0
3889 0
3890 0.0078125
3891 0
3892 0
3893 0
3894 0.0078125
3895 0
3896 0
3897 0.0078125
3898 0
3899 0.0078125
3900 0.0078125
3901 0
3902 0
3903 0
3904 0
3905 0
3906 0
3907 0
3908 0
3909 0
3910 0
3911 0.0078125
3912 0
3913 0.0078125
3914 0.0078125
3915 -0.0078125
3916 0
3917 0
3918 0
3919 0
3920 0
3921 0
3922 0
3923 0
3924 0
3925 0
3926 0
3927 0.0078125
3928 0
3929 0
3930 0.0078125
3931 0
3932 0
3933 0
3934 0.0078125
3935 0
3936 0
3937 0
3938 -0.0078125
3939 0
3940 0
3941 0
3942 0
3943 0
3944 0
3945 0
3946 0
3947 0
3948 0
3949 0.0078125
3950 0
3951 0
3952 0
3953 -0.0078125
3954 -0.0078125
3955 0
3956 0
3957 0
3958 0
3959 0
3960 0
3961 0
3962 0
3963 0
3964 0
3965 -0.0078125
3966 0
3967 0.0078125
3968 0
3969 0
3970 0
3971 0
3972 0
3973 0
3974 0
3975 -0.0078125
3976 0
3977 0.0078125
3978 0
3979 0
3980 0
3981 0
3982 -0.0078125
3983 0
3984 -0.0078125
3985 -0.0078125
3986 0
3987 0
3988 0
3989 0
3990 0.0078125
3991 0
3992 0
3993 0
3994 0
3995 0
3996 0
3997 0
3998 0
3999 0.0078125
4000 0.0078125
4001 0
4002 0.0078125
4003 -0.0078125
4004 0
4005 0
4006 0
4007 0
4008 0
4009 0
4010 0
4011 0
4012 0
4013 0
4014 0
4015 0
4016 0
4017 0
4018 0
4019 0
4020 0
4021 0
4022 0
4023 0
4024 0
4025 0
4026 0
4027 0
4028 0
4029 0
4030 0
4031 0
4032 -0.0078125
4033 0.0078125
4034 0
4035 0.0078125
4036 0
4037 0
4038 0.0078125
4039 0
4040 0
4041 0
4042 0
4043 0
4044 0.0078125
4045 -0.0078125
4046 0
4047 0
4048 0
4049 0
4050 0
4051 0.0078125
4052 0
4053 0
4054 -0.0078125
4055 0
4056 0
4057 0
4058 0
4059 0.0078125
4060 0
4061 0
4062 0.0078125
4063 -0.0078125
4064 -0.0078125
4065 0
4066 0
4067 0
4068 0
4069 0
4070 0
4071 0
4072 0
4073 0
4074 0
4075 0
4076 -0.0078125
4077 0
4078 0
4079 0
4080 0.0078125
4081 0
4082 0
4083 0
4084 0
4085 0.0078125
4086 0
4087 -0.0078125
4088 -0.0078125
4089 0
4090 0
4091 0
4092 -0.0078125
4093 0
4094 0
4095 0
4096 0
4097 0
4098 -0.0078125
4099 0
4100 0
4101 0
4102 0
4103 -0.0078125
4104 0
4105 0
4106 0
4107 0
4108 0
4109 0
4110 0
4111 0
4112 0
4113 0
4114 0
4115 0
4116 0
4117 0
4118 -0.0078125
4119 0
4120 0
4121 0
4122 0
4123 0
4124 0
4125 0
4126 0
4127 0
4128 0.0078125
4129 0
4130 0
4131 -0.0078125
4132 0.0078125
4133 -0.0078125
4134 0
4135 -0.0078125
4136 0.0078125
4137 -0.0078125
4138 0.0078125
4139 -0.015625
4140 -0.1875
4141 0.117188
4142 0.328125
4143 0.414063
4144 0.484375
4145 0.359375
4146 0.0390625
4147 -0.226563
4148 -0.335938
4149 -0.460938
4150 -0.476563
4151 -0.21875
4152 0.117188
4153 0.289063
4154 0.414063
4155 0.507813
4156 0.367188
4157 0.0234375
4158 -0.226563
4159 -0.375
4160 -0.492188
4161 -0.453125
4162 -0.179688
4163 0.101563
4164 0.28125
4165 0.421875
4166 0.5
4167 0.367188
4168 0.0625
4169 -0.203125
4170 -0.359375
4171 -0.484375
4172 -0.460938
4173 -0.21875
4174 0.0859375
4175 0.296875
4176 0.453125
4177 0.515625
4178 0.351563
4179 0.03125
4180 -0.226563
4181 -0.390625
4182 -0.46875
4183 -0.414063
4184 -0.203125
4185 0.046875
4186 0.265625
4187 0.4375
4188 0.476563
4189 0.351563
4190 0.101563
4191 -0.179688
4192 -0.414063
4193 -0.492188
4194 -0.40625
4195 -0.210938
4196 0.0625
4197 0.328125
4198 0.445313
4199 0.429688
4200 0.34375
4201 0.09375
4202 -0.195313
4203 -0.375
4204 -0.4375
4205 -0.429688
4206 -0.242188
4207 0.0546875
4208 0.289063
4209 0.421875
4210 0.460938
4211 0.335938
4212 0.078125
4213 -0.179688
4214 -0.375
4215 -0.476563
4216 -0.429688
4217 -0.21875
4218 0.0546875
4219 0.289063
4220 0.445313
4221 0.46875
4222 0.335938
4223 0.09375
4224 -0.164063
4225 -0.390625
4226 -0.492188
4227 -0.421875
4228 -0.21875
4229 0.0390625
4230 0.28125
4231 0.460938
4232 0.476563
4233 0.351563
4234 0.101563
4235 -0.1875
4236 -0.390625
4237 -0.484375
4238 -0.421875
4239 -0.234375
4240 0.0546875
4241 0.3125
4242 0.429688
4243 0.460938
4244 0.367188
4245 0.109375
4246 -0.210938
4247 -0.398438
4248 -0.453125
4249 -0.429688
4250 -0.257813
4251 0.0625
4252 0.304688
4253 0.414063
4254 0.476563
4255 0.398438
4256 0.101563
4257 -0.1875
4258 -0.367188
4259 -0.476563
4260 -0.476563
4261 -0.242188
4262 0.0546875
4263 0.265625
4264 0.421875
4265 0.523438
4266 0.375
4267 0.0625
4268 -0.171875
4269 -0.34375
4270 -0.492188
4271 -0.46875
4272 -0.21875
4273 0.046875
4274 0.257813
4275 0.445313
4276 0.507813
4277 0.351563
4278 0.0859375
4279 -0.15625
4280 -0.375
4281 -0.484375
4282 -0.421875
4283 -0.226563
4284 0.015625
4285 0.265625
4286 0.4375
4287 0.460938
4288 0.351563
4289 0.132813
4290 -0.148438
4291 -0.398438
4292 -0.476563
4293 -0.40625
4294 -0.25
4295 0.015625
4296 0.289063
4297 0.445313
4298 0.4375
4299 0.351563
4300 0.140625
4301 -0.171875
4302 -0.398438
4303 -0.429688
4304 -0.390625
4305 -0.273438
4306 0.0078125
4307 0.296875
4308 0.429688
4309 0.4375
4310 0.367188
4311 0.148438
4312 -0.164063
4313 -0.375
4314 -0.445313
4315 -0.414063
4316 -0.265625
4317 -0.015625
4318 0.265625
4319 0.429688
4320 0.445313
4321 0.351563
4322 0.148438
4323 -0.140625
4324 -0.382813
4325 -0.460938
4326 -0.40625
4327 -0.25
4328 0
4329 0.28125
4330 0.4375
4331 0.421875
4332 0.351563
4333 0.15625
4334 -0.15625
4335 -0.375
4336 -0.4375
4337 -0.421875
4338 -0.289063
4339 0.015625
4340 0.28125
4341 0.414063
4342 0.460938
4343 0.382813
4344 0.140625
4345 -0.171875
4346 -0.351563
4347 -0.429688
4348 -0.421875
4349 -0.265625
4350 0.015625
4351 0.265625
4352 0.398438
4353 0.445313
4354 0.382813
4355 0.140625
4356 -0.15625
4357 -0.359375
4358 -0.445313
4359 -0.4375
4360 -0.28125
4361 0.015625
4362 0.265625
4363 0.390625
4364 0.46875
4365 0.414063
4366 0.148438
4367 -0.15625
4368 -0.335938
4369 -0.445313
4370 -0.46875
4371 -0.28125
4372 0
4373 0.234375
4374 0.398438
4375 0.484375
4376 0.382813
4377 0.140625
4378 -0.117188
4379 -0.3125
4380 -0.460938
4381 -0.460938
4382 -0.257813
4383 0.0078125
4384 0.210938
4385 0.398438
4386 0.476563
4387 0.34375
4388 0.125
4389 -0.09375
4390 -0.328125
4391 -0.460938
4392 -0.421875
4393 -0.25
4394 -0.0078125
4395 0.210938
4396 0.414063
4397 0.492188
4398 0.367188
4399 0.117188
4400 -0.117188
4401 -0.335938
4402 -0.484375
4403 -0.4375
4404 -0.242188
4405 -0.0234375
4406 0.226563
4407 0.421875
4408 0.46875
4409 0.359375
4410 0.148438
4411 -0.078125
4412 -0.335938
4413 -0.476563
4414 -0.429688
4415 -0.265625
4416 -0.0390625
4417 0.21875
4418 0.414063
4419 0.460938
4420 0.367188
4421 0.148438
4422 -0.101563
4423 -0.335938
4424 -0.453125
4425 -0.414063
4426 -0.273438
4427 -0.03125
4428 0.242188
4429 0.414063
4430 0.453125
4431 0.375
4432 0.171875
4433 -0.117188
4434 -0.351563
4435 -0.460938
4436 -0.4375
4437 -0.304688
4438 -0.0390625
4439 0.242188
4440 0.429688
4441 0.476563
4442 0.398438
4443 0.179688
4444 -0.109375
4445 -0.351563
4446 -0.460938
4447 -0.445313
4448 -0.28125
4449 -0.0234375
4450 0.242188
4451 0.414063
4452 0.445313
4453 0.359375
4454 0.164063
4455 -0.09375
4456 -0.335938
4457 -0.453125
4458 -0.40625
4459 -0.289063
4460 -0.0703125
4461 0.226563
4462 0.429688
4463 0.453125
4464 0.390625
4465 0.203125
4466 -0.101563
4467 -0.367188
4468 -0.453125
4469 -0.429688
4470 -0.304688
4471 -0.0546875
4472 0.242188
4473 0.429688
4474 0.460938
4475 0.382813
4476 0.1875
4477 -0.09375
4478 -0.34375
4479 -0.453125
4480 -0.421875
4481 -0.3125
4482 -0.0625
4483 0.234375
4484 0.421875
4485 0.453125
4486 0.390625
4487 0.203125
4488 -0.109375
4489 -0.351563
4490 -0.4375
4491 -0.4375
4492 -0.296875
4493 -0.046875
4494 0.226563
4495 0.421875
4496 0.460938
4497 0.375
4498 0.1875
4499 -0.09375
4500 -0.359375
4501 -0.460938
4502 -0.429688
4503 -0.304688
4504 -0.0546875
4505 0.25
4506 0.40625
4507 0.4375
4508 0.40625
4509 0.195313
4510 -0.117188
4511 -0.335938
4512 -0.421875
4513 -0.4375
4514 -0.328125
4515 -0.0546875
4516 0.21875
4517 0.375
4518 0.445313
4519 0.414063
4520 0.203125
4521 -0.101563
4522 -0.3125
4523 -0.421875
4524 -0.445313
4525 -0.328125
4526 -0.0546875
4527 0.203125
4528 0.367188
4529 0.453125
4530 0.398438
4531 0.195313
4532 -0.0703125
4533 -0.296875
4534 -0.421875
4535 -0.4375
4536 -0.328125
4537 -0.0625
4538 0.203125
4539 0.382813
4540 0.453125
4541 0.40625
4542 0.203125
4543 -0.078125
4544 -0.304688
4545 -0.429688
4546 -0.445313
4547 -0.3125
4548 -0.0703125
4549 0.210938
4550 0.375
4551 0.445313
4552 0.398438
4553 0.203125
4554 -0.078125
4555 -0.304688
4556 -0.414063
4557 -0.4375
4558 -0.3125
4559 -0.0625
4560 0.1875
4561 0.351563
4562 0.4375
4563 0.398438
4564 0.203125
4565 -0.0625
4566 -0.265625
4567 -0.414063
4568 -0.453125
4569 -0.328125
4570 -0.0625
4571 0.164063
4572 0.359375
4573 0.46875
4574 0.421875
4575 0.203125
4576 -0.0546875
4577 -0.273438
4578 -0.429688
4579 -0.476563
4580 -0.328125
4581 -0.078125
4582 0.171875
4583 0.359375
4584 0.46875
4585 0.4375
4586 0.21875
4587 -0.046875
4588 -0.273438
4589 -0.4375
4590 -0.46875
4591 -0.34375
4592 -0.0859375
4593 0.164063
4594 0.367188
4595 0.46875
4596 0.421875
4597 0.21875
4598 -0.046875
4599 -0.28125
4600 -0.421875
4601 -0.460938
4602 -0.335938
4603 -0.0859375
4604 0.171875
4605 0.359375
4606 0.460938
4607 0.421875
4608 0.210938
4609 -0.0390625
4610 -0.257813
4611 -0.429688
4612 -0.460938
4613 -0.328125
4614 -0.101563
4615 0.132813
4616 0.359375
4617 0.46875
4618 0.40625
4619 0.25
4620 0.0078125
4621 -0.257813
4622 -0.4375
4623 -0.460938
4624 -0.34375
4625 -0.140625
4626 0.132813
4627 0.382813
4628 0.46875
4629 0.414063
4630 0.25
4631 0
4632 -0.28125
4633 -0.445313
4634 -0.445313
4635 -0.351563
4636 -0.125
4637 0.15625
4638 0.367188
4639 0.46875
4640 0.429688
4641 0.234375
4642 -0.03125
4643 -0.265625
4644 -0.4375
4645 -0.476563
4646 -0.335938
4647 -0.117188
4648 0.140625
4649 0.375
4650 0.460938
4651 0.421875
4652 0.25
4653 0
4654 -0.257813
4655 -0.4375
4656 -0.46875
4657 -0.34375
4658 -0.132813
4659 0.125
4660 0.359375
4661 0.46875
4662 0.421875
4663 0.265625
4664 0.0234375
4665 -0.265625
4666 -0.429688
4667 -0.453125
4668 -0.375
4669 -0.164063
4670 0.132813
4671 0.359375
4672 0.46875
4673 0.445313
4674 0.28125
4675 0.0078125
4676 -0.273438
4677 -0.445313
4678 -0.46875
4679 -0.390625
4680 -0.15625
4681 0.164063
4682 0.367188
4683 0.445313
4684 0.460938
4685 0.296875
4686 -0.0234375
4687 -0.265625
4688 -0.429688
4689 -0.484375
4690 -0.375
4691 -0.132813
4692 0.140625
4693 0.367188
4694 0.460938
4695 0.445313
4696 0.273438
4697 -0.0078125
4698 -0.265625
4699 -0.421875
4700 -0.46875
4701 -0.375
4702 -0.140625
4703 0.132813
4704 0.359375
4705 0.460938
4706 0.4375
4707 0.28125
4708 0.0078125
4709 -0.273438
4710 -0.429688
4711 -0.453125
4712 -0.390625
4713 -0.164063
4714 0.15625
4715 0.351563
4716 0.445313
4717 0.460938
4718 0.296875
4719 -0.0234375
4720 -0.257813
4721 -0.40625
4722 -0.492188
4723 -0.40625
4724 -0.140625
4725 0.125
4726 0.335938
4727 0.484375
4728 0.46875
4729 0.28125
4730 0.0078125
4731 -0.242188
4732 -0.429688
4733 -0.5
4734 -0.390625
4735 -0.132813
4736 0.132813
4737 0.34375
4738 0.484375
4739 0.460938
4740 0.265625
4741 0
4742 -0.25
4743 -0.4375
4744 -0.484375
4745 -0.375
4746 -0.140625
4747 0.125
4748 0.351563
4749 0.484375
4750 0.453125
4751 0.265625
4752 0.0078125
4753 -0.242188
4754 -0.4375
4755 -0.484375
4756 -0.382813
4757 -0.15625
4758 0.125
4759 0.351563
4760 0.476563
4761 0.453125
4762 0.273438
4763 0.015625
4764 -0.234375
4765 -0.445313
4766 -0.5
4767 -0.375
4768 -0.148438
4769 0.0859375
4770 0.351563
4771 0.507813
4772 0.429688
4773 0.265625
4774 0.0546875
4775 -0.242188
4776 -0.46875
4777 -0.476563
4778 -0.367188
4779 -0.1875
4780 0.109375
4781 0.390625
4782 0.484375
4783 0.421875
4784 0.296875
4785 0.0546875
4786 -0.289063
4787 -0.453125
4788 -0.445313
4789 -0.382813
4790 -0.1875
4791 0.140625
4792 0.382813
4793 0.445313
4794 0.445313
4795 0.3125
4796 0.015625
4797 -0.265625
4798 -0.40625
4799 -0.46875
4800 -0.414063
4801 -0.171875
4802 0.140625
4803 0.34375
4804 0.453125
4805 0.460938
4806 0.289063
4807 0.015625
4808 -0.234375
4809 -0.429688
4810 -0.492188
4811 -0.375
4812 -0.15625
4813 0.109375
4814 0.359375
4815 0.476563
4816 0.445313
4817 0.304688
4818 0.03125
4819 -0.265625
4820 -0.421875
4821 -0.476563
4822 -0.421875
4823 -0.179688
4824 0.132813
4825 0.351563
4826 0.46875
4827 0.46875
4828 0.296875
4829 0.0078125
4830 -0.242188
4831 -0.40625
4832 -0.5
4833 -0.40625
4834 -0.140625
4835 0.117188
4836 0.3125
4837 0.46875
4838 0.476563
4839 0.273438
4840 0.015625
4841 -0.203125
4842 -0.40625
4843 -0.5
4844 -0.382813
4845 -0.148438
4846 0.101563
4847 0.320313
4848 0.46875
4849 0.476563
4850 0.28125
4851 0.0234375
4852 -0.203125
4853 -0.40625
4854 -0.515625
4855 -0.382813
4856 -0.148438
4857 0.078125
4858 0.328125
4859 0.5
4860 0.460938
4861 0.28125
4862 0.0546875
4863 -0.210938
4864 -0.4375
4865 -0.492188
4866 -0.375
4867 -0.179688
4868 0.078125
4869 0.351563
4870 0.476563
4871 0.4375
4872 0.289063
4873 0.0546875
4874 -0.234375
4875 -0.4375
4876 -0.460938
4877 -0.375
4878 -0.195313
4879 0.101563
4880 0.359375
4881 0.453125
4882 0.421875
4883 0.3125
4884 0.0625
4885 -0.25
4886 -0.414063
4887 -0.445313
4888 -0.390625
4889 -0.203125
4890 0.09375
4891 0.34375
4892 0.460938
4893 0.445313
4894 0.3125
4895 0.0546875
4896 -0.226563
4897 -0.40625
4898 -0.460938
4899 -0.398438
4900 -0.195313
4901 0.0859375
4902 0.328125
4903 0.46875
4904 0.445313
4905 0.296875
4906 0.0703125
4907 -0.210938
4908 -0.429688
4909 -0.460938
4910 -0.367188
4911 -0.210938
4912 0.078125
4913 0.351563
4914 0.453125
4915 0.429688
4916 0.320313
4917 0.078125
4918 -0.234375
4919 -0.414063
4920 -0.445313
4921 -0.398438
4922 -0.21875
4923 0.101563
4924 0.328125
4925 0.414063
4926 0.460938
4927 0.351563
4928 0.03125
4929 -0.21875
4930 -0.34375
4931 -0.484375
4932 -0.453125
4933 -0.148438
4934 0.09375
4935 0.226563
4936 0.460938
4937 0.515625
4938 0.265625
4939 0.0234375
4940 -0.125
4941 -0.382813
4942 -0.539063
4943 -0.375
4944 -0.148438
4945 0.015625
4946 0.257813
4947 0.515625
4948 0.460938
4949 0.242188
4950 0.09375
4951 -0.125
4952 -0.4375
4953 -0.5
4954 -0.34375
4955 -0.203125
4956 0.0078125
4957 0.320313
4958 0.46875
4959 0.40625
4960 0.304688
4961 0.117188
4962 -0.1875
4963 -0.414063
4964 -0.429688
4965 -0.382813
4966 -0.242188
4967 0.046875
4968 0.3125
4969 0.421875
4970 0.429688
4971 0.34375
4972 0.101563
4973 -0.1875
4974 -0.390625
4975 -0.421875
4976 -0.398438
4977 -0.265625
4978 0.046875
4979 0.335938
4980 0.398438
4981 0.40625
4982 0.398438
4983 0.109375
4984 -0.25
4985 -0.34375
4986 -0.40625
4987 -0.484375
4988 -0.25
4989 0.132813
4990 0.265625
4991 0.367188
4992 0.515625
4993 0.382813
4994 0.03125
4995 -0.1875
4996 -0.304688
4997 -0.484375
4998 -0.476563
4999 -0.1875
5000 0.078125
5001 0.226563
5002 0.421875
5003 0.523438
5004 0.328125
5005 0.046875
5006 -0.132813
5007 -0.34375
5008 -0.507813
5009 -0.414063
5010 -0.1875
5011 0
5012 0.242188
5013 0.484375
5014 0.46875
5015 0.304688
5016 0.132813
5017 -0.132813
5018 -0.398438
5019 -0.46875
5020 -0.390625
5021 -0.25
5022 0
5023 0.296875
5024 0.445313
5025 0.4375
5026 0.359375
5027 0.140625
5028 -0.164063
5029 -0.375
5030 -0.46875
5031 -0.421875
5032 -0.242188
5033 0
5034 0.273438
5035 0.46875
5036 0.453125
5037 0.34375
5038 0.15625
5039 -0.171875
5040 -0.414063
5041 -0.414063
5042 -0.414063
5043 -0.320313
5044 0.03125
5045 0.328125
5046 0.390625
5047 0.429688
5048 0.40625
5049 0.125
5050 -0.195313
5051 -0.335938
5052 -0.421875
5053 -0.445313
5054 -0.273438
5055 0.03125
5056 0.28125
5057 0.390625
5058 0.4375
5059 0.390625
5060 0.140625
5061 -0.179688
5062 -0.34375
5063 -0.421875
5064 -0.46875
5065 -0.265625
5066 0.046875
5067 0.242188
5068 0.398438
5069 0.5
5070 0.367188
5071 0.09375
5072 -0.132813
5073 -0.320313
5074 -0.476563
5075 -0.460938
5076 -0.210938
5077 0.0234375
5078 0.203125
5079 0.429688
5080 0.53125
5081 0.304688
5082 0.078125
5083 -0.0625
5084 -0.335938
5085 -0.539063
5086 -0.390625
5087 -0.1875
5088 -0.0703125
5089 0.25
5090 0.5
5091 0.40625
5092 0.296875
5093 0.210938
5094 -0.109375
5095 -0.429688
5096 -0.429688
5097 -0.351563
5098 -0.320313
5099 -0.0546875
5100 0.335938
5101 0.414063
5102 0.359375
5103 0.421875
5104 0.203125
5105 -0.21875
5106 -0.359375
5107 -0.375
5108 -0.46875
5109 -0.328125
5110 0.0390625
5111 0.265625
5112 0.375
5113 0.484375
5114 0.414063
5115 0.109375
5116 -0.148438
5117 -0.3125
5118 -0.460938
5119 -0.484375
5120 -0.25
5121 0.0390625
5122 0.21875
5123 0.398438
5124 0.515625
5125 0.367188
5126 0.09375
5127 -0.101563
5128 -0.320313
5129 -0.507813
5130 -0.429688
5131 -0.234375
5132 -0.03125
5133 0.242188
5134 0.421875
5135 0.46875
5136 0.375
5137 0.132813
5138 -0.117188
5139 -0.320313
5140 -0.484375
5141 -0.429688
5142 -0.242188
5143 -0.0546875
5144 0.226563
5145 0.460938
5146 0.453125
5147 0.335938
5148 0.179688
5149 -0.09375
5150 -0.382813
5151 -0.46875
5152 -0.398438
5153 -0.28125
5154 -0.0546875
5155 0.28125
5156 0.453125
5157 0.429688
5158 0.359375
5159 0.1875
5160 -0.117188
5161 -0.367188
5162 -0.460938
5163 -0.421875
5164 -0.28125
5165 -0.0390625
5166 0.25
5167 0.429688
5168 0.445313
5169 0.367188
5170 0.171875
5171 -0.132813
5172 -0.359375
5173 -0.429688
5174 -0.429688
5175 -0.3125
5176 0
5177 0.257813
5178 0.375
5179 0.453125
5180 0.414063
5181 0.148438
5182 -0.148438
5183 -0.304688
5184 -0.429688
5185 -0.492188
5186 -0.28125
5187 0.03125
5188 0.195313
5189 0.382813
5190 0.539063
5191 0.367188
5192 0.117188
5193 -0.0546875
5194 -0.335938
5195 -0.523438
5196 -0.40625
5197 -0.25
5198 -0.078125
5199 0.242188
5200 0.476563
5201 0.4375
5202 0.34375
5203 0.210938
5204 -0.101563
5205 -0.375
5206 -0.445313
5207 -0.414063
5208 -0.296875
5209 -0.0625
5210 0.242188
5211 0.4375
5212 0.429688
5213 0.367188
5214 0.21875
5215 -0.109375
5216 -0.375
5217 -0.4375
5218 -0.40625
5219 -0.3125
5220 -0.046875
5221 0.25
5222 0.398438
5223 0.460938
5224 0.40625
5225 0.171875
5226 -0.109375
5227 -0.320313
5228 -0.4375
5229 -0.453125
5230 -0.3125
5231 -0.03125
5232 0.234375
5233 0.367188
5234 0.476563
5235 0.421875
5236 0.132813
5237 -0.109375
5238 -0.257813
5239 -0.484375
5240 -0.492188
5241 -0.234375
5242 -0.0390625
5243 0.164063
5244 0.453125
5245 0.484375
5246 0.328125
5247 0.203125
5248 -0.0546875
5249 -0.375
5250 -0.460938
5251 -0.390625
5252 -0.3125
5253 -0.0859375
5254 0.234375
5255 0.421875
5256 0.421875
5257 0.382813
5258 0.226563
5259 -0.09375
5260 -0.367188
5261 -0.414063
5262 -0.40625
5263 -0.359375
5264 -0.0703125
5265 0.265625
5266 0.382813
5267 0.414063
5268 0.429688
5269 0.210938
5270 -0.125
5271 -0.304688
5272 -0.40625
5273 -0.46875
5274 -0.320313
5275 -0.015625
5276 0.203125
5277 0.359375
5278 0.476563
5279 0.414063
5280 0.15625
5281 -0.0859375
5282 -0.273438
5283 -0.46875
5284 -0.46875
5285 -0.265625
5286 -0.0703125
5287 0.171875
5288 0.429688
5289 0.46875
5290 0.359375
5291 0.21875
5292 -0.0546875
5293 -0.335938
5294 -0.414063
5295 -0.4375
5296 -0.34375
5297 -0.0546875
5298 0.226563
5299 0.351563
5300 0.445313
5301 0.4375
5302 0.1875
5303 -0.101563
5304 -0.28125
5305 -0.429688
5306 -0.484375
5307 -0.3125
5308 -0.046875
5309 0.195313
5310 0.367188
5311 0.46875
5312 0.421875
5313 0.203125
5314 -0.0859375
5315 -0.289063
5316 -0.421875
5317 -0.46875
5318 -0.335938
5319 -0.046875
5320 0.210938
5321 0.359375
5322 0.46875
5323 0.429688
5324 0.195313
5325 -0.0859375
5326 -0.28125
5327 -0.445313
5328 -0.476563
5329 -0.3125
5330 -0.0703125
5331 0.164063
5332 0.390625
5333 0.476563
5334 0.390625
5335 0.21875
5336 -0.0546875
5337 -0.320313
5338 -0.429688
5339 -0.453125
5340 -0.351563
5341 -0.0625
5342 0.195313
5343 0.351563
5344 0.484375
5345 0.429688
5346 0.164063
5347 -0.0546875
5348 -0.25
5349 -0.476563
5350 -0.507813
5351 -0.28125
5352 -0.0546875
5353 0.132813
5354 0.382813
5355 0.523438
5356 0.390625
5357 0.179688
5358 -0.0078125
5359 -0.273438
5360 -0.492188
5361 -0.46875
5362 -0.273438
5363 -0.101563
5364 0.132813
5365 0.421875
5366 0.5
5367 0.367188
5368 0.226563
5369 -0.015625
5370 -0.320313
5371 -0.460938
5372 -0.429688
5373 -0.34375
5374 -0.109375
5375 0.210938
5376 0.398438
5377 0.421875
5378 0.429688
5379 0.257813
5380 -0.078125
5381 -0.304688
5382 -0.398438
5383 -0.476563
5384 -0.375
5385 -0.0625
5386 0.195313
5387 0.335938
5388 0.476563
5389 0.460938
5390 0.203125
5391 -0.0546875
5392 -0.25
5393 -0.453125
5394 -0.476563
5395 -0.328125
5396 -0.109375
5397 0.171875
5398 0.398438
5399 0.460938
5400 0.414063
5401 0.25
5402 -0.0390625
5403 -0.296875
5404 -0.429688
5405 -0.445313
5406 -0.375
5407 -0.117188
5408 0.210938
5409 0.375
5410 0.445313
5411 0.445313
5412 0.25
5413 -0.0703125
5414 -0.273438
5415 -0.421875
5416 -0.5
5417 -0.351563
5418 -0.078125
5419 0.148438
5420 0.359375
5421 0.492188
5422 0.429688
5423 0.226563
5424 -0.015625
5425 -0.28125
5426 -0.453125
5427 -0.453125
5428 -0.34375
5429 -0.125
5430 0.164063
5431 0.382813
5432 0.460938
5433 0.421875
5434 0.273438
5435 -0.0234375
5436 -0.3125
5437 -0.414063
5438 -0.4375
5439 -0.414063
5440 -0.117188
5441 0.21875
5442 0.328125
5443 0.421875
5444 0.507813
5445 0.242188
5446 -0.101563
5447 -0.226563
5448 -0.382813
5449 -0.554688
5450 -0.359375
5451 -0.03125
5452 0.117188
5453 0.320313
5454 0.53125
5455 0.453125
5456 0.179688
5457 -0.0078125
5458 -0.21875
5459 -0.460938
5460 -0.5
5461 -0.320313
5462 -0.101563
5463 0.109375
5464 0.351563
5465 0.515625
5466 0.421875
5467 0.203125
5468 0.03125
5469 -0.234375
5470 -0.492188
5471 -0.476563
5472 -0.3125
5473 -0.15625
5474 0.117188
5475 0.398438
5476 0.46875
5477 0.414063
5478 0.273438
5479 0.015625
5480 -0.289063
5481 -0.445313
5482 -0.453125
5483 -0.367188
5484 -0.140625
5485 0.148438
5486 0.367188
5487 0.460938
5488 0.421875
5489 0.273438
5490 0.0078125
5491 -0.296875
5492 -0.4375
5493 -0.421875
5494 -0.382813
5495 -0.171875
5496 0.1875
5497 0.359375
5498 0.421875
5499 0.460938
5500 0.289063
5501 -0.0390625
5502 -0.25
5503 -0.390625
5504 -0.484375
5505 -0.390625
5506 -0.117188
5507 0.132813
5508 0.34375
5509 0.476563
5510 0.4375
5511 0.265625
5512 0.015625
5513 -0.25
5514 -0.429688
5515 -0.476563
5516 -0.367188
5517 -0.140625
5518 0.117188
5519 0.351563
5520 0.46875
5521 0.4375
5522 0.265625
5523 0.015625
5524 -0.25
5525 -0.421875
5526 -0.46875
5527 -0.367188
5528 -0.140625
5529 0.117188
5530 0.34375
5531 0.476563
5532 0.429688
5533 0.265625
5534 0.0234375
5535 -0.25
5536 -0.421875
5537 -0.46875
5538 -0.390625
5539 -0.132813
5540 0.125
5541 0.320313
5542 0.484375
5543 0.46875
5544 0.25
5545 0.015625
5546 -0.210938
5547 -0.445313
5548 -0.507813
5549 -0.335938
5550 -0.148438
5551 0.0703125
5552 0.375
5553 0.492188
5554 0.414063
5555 0.289063
5556 0.03125
5557 -0.257813
5558 -0.414063
5559 -0.46875
5560 -0.390625
5561 -0.148438
5562 0.117188
5563 0.34375
5564 0.484375
5565 0.445313
5566 0.265625
5567 0.0390625
5568 -0.226563
5569 -0.4375
5570 -0.476563
5571 -0.367188
5572 -0.164063
5573 0.09375
5574 0.351563
5575 0.46875
5576 0.429688
5577 0.296875
5578 0.046875
5579 -0.234375
5580 -0.445313
5581 -0.460938
5582 -0.351563
5583 -0.210938
5584 0.078125
5585 0.398438
5586 0.445313
5587 0.40625
5588 0.351563
5589 0.0390625
5590 -0.304688
5591 -0.367188
5592 -0.4375
5593 -0.460938
5594 -0.171875
5595 0.171875
5596 0.289063
5597 0.421875
5598 0.515625
5599 0.289063
5600 -0.0234375
5601 -0.1875
5602 -0.367188
5603 -0.523438
5604 -0.398438
5605 -0.117188
5606 0.09375
5607 0.265625
5608 0.484375
5609 0.484375
5610 0.226563
5611 0.0390625
5612 -0.164063
5613 -0.4375
5614 -0.5
5615 -0.351563
5616 -0.164063
5617 0.0546875
5618 0.328125
5619 0.476563
5620 0.421875
5621 0.289063
5622 0.0703125
5623 -0.234375
5624 -0.421875
5625 -0.453125
5626 -0.398438
5627 -0.195313
5628 0.117188
5629 0.320313
5630 0.4375
5631 0.476563
5632 0.296875
5633 0.015625
5634 -0.195313
5635 -0.398438
5636 -0.5
5637 -0.375
5638 -0.15625
5639 0.0546875
5640 0.328125
5641 0.492188
5642 0.421875
5643 0.28125
5644 0.101563
5645 -0.21875
5646 -0.453125
5647 -0.429688
5648 -0.359375
5649 -0.234375
5650 0.078125
5651 0.375
5652 0.445313
5653 0.398438
5654 0.335938
5655 0.0859375
5656 -0.257813
5657 -0.40625
5658 -0.421875
5659 -0.40625
5660 -0.226563
5661 0.101563
5662 0.34375
5663 0.429688
5664 0.453125
5665 0.328125
5666 0.046875
5667 -0.21875
5668 -0.398438
5669 -0.46875
5670 -0.40625
5671 -0.1875
5672 0.0859375
5673 0.320313
5674 0.445313
5675 0.46875
5676 0.320313
5677 0.0390625
5678 -0.203125
5679 -0.382813
5680 -0.492188
5681 -0.414063
5682 -0.164063
5683 0.0625
5684 0.28125
5685 0.492188
5686 0.46875
5687 0.265625
5688 0.0859375
5689 -0.171875
5690 -0.445313
5691 -0.46875
5692 -0.359375
5693 -0.242188
5694 0.03125
5695 0.375
5696 0.445313
5697 0.398438
5698 0.359375
5699 0.101563
5700 -0.257813
5701 -0.382813
5702 -0.429688
5703 -0.4375
5704 -0.234375
5705 0.117188
5706 0.304688
5707 0.40625
5708 0.484375
5709 0.335938
5710 0.0546875
5711 -0.171875
5712 -0.375
5713 -0.492188
5714 -0.40625
5715 -0.1875
5716 0.046875
5717 0.289063
5718 0.453125
5719 0.453125
5720 0.320313
5721 0.0859375
5722 -0.1875
5723 -0.390625
5724 -0.46875
5725 -0.40625
5726 -0.210938
5727 0.0546875
5728 0.296875
5729 0.445313
5730 0.46875
5731 0.328125
5732 0.0703125
5733 -0.179688
5734 -0.382813
5735 -0.484375
5736 -0.414063
5737 -0.203125
5738 0.046875
5739 0.273438
5740 0.460938
5741 0.460938
5742 0.304688
5743 0.0859375
5744 -0.164063
5745 -0.414063
5746 -0.476563
5747 -0.398438
5748 -0.226563
5749 0.0390625
5750 0.3125
5751 0.453125
5752 0.4375
5753 0.335938
5754 0.101563
5755 -0.1875
5756 -0.390625
5757 -0.460938
5758 -0.414063
5759 -0.226563
5760 0.0546875
5761 0.296875
5762 0.445313
5763 0.460938
5764 0.335938
5765 0.0859375
5766 -0.179688
5767 -0.382813
5768 -0.460938
5769 -0.40625
5770 -0.21875
5771 0.046875
5772 0.289063
5773 0.429688
5774 0.453125
5775 0.335938
5776 0.0859375
5777 -0.1875
5778 -0.375
5779 -0.460938
5780 -0.429688
5781 -0.226563
5782 0.0625
5783 0.28125
5784 0.429688
5785 0.484375
5786 0.328125
5787 0.0703125
5788 -0.164063
5789 -0.367188
5790 -0.492188
5791 -0.421875
5792 -0.1875
5793 0.0390625
5794 0.273438
5795 0.46875
5796 0.460938
5797 0.320313
5798 0.101563
5799 -0.164063
5800 -0.390625
5801 -0.476563
5802 -0.398438
5803 -0.234375
5804 0.03125
5805 0.296875
5806 0.429688
5807 0.460938
5808 0.351563
5809 0.09375
5810 -0.179688
5811 -0.367188
5812 -0.476563
5813 -0.4375
5814 -0.226563
5815 0.0390625
5816 0.257813
5817 0.445313
5818 0.476563
5819 0.328125
5820 0.109375
5821 -0.140625
5822 -0.382813
5823 -0.484375
5824 -0.414063
5825 -0.226563
5826 0.015625
5827 0.289063
5828 0.445313
5829 0.460938
5830 0.34375
5831 0.125
5832 -0.164063
5833 -0.382813
5834 -0.460938
5835 -0.421875
5836 -0.25
5837 0.03125
5838 0.28125
5839 0.429688
5840 0.46875
5841 0.359375
5842 0.117188
5843 -0.15625
5844 -0.359375
5845 -0.476563
5846 -0.4375
5847 -0.25
5848 0.015625
5849 0.273438
5850 0.4375
5851 0.46875
5852 0.351563
5853 0.117188
5854 -0.15625
5855 -0.367188
5856 -0.46875
5857 -0.4375
5858 -0.265625
5859 0.015625
5860 0.265625
5861 0.429688
5862 0.484375
5863 0.367188
5864 0.117188
5865 -0.132813
5866 -0.359375
5867 -0.476563
5868 -0.445313
5869 -0.25
5870 0.0078125
5871 0.25
5872 0.445313
5873 0.476563
5874 0.351563
5875 0.132813
5876 -0.125
5877 -0.367188
5878 -0.484375
5879 -0.429688
5880 -0.265625
5881 -0.015625
5882 0.25
5883 0.4375
5884 0.46875
5885 0.367188
5886 0.140625
5887 -0.148438
5888 -0.367188
5889 -0.476563
5890 -0.4375
5891 -0.265625
5892 0
5893 0.257813
5894 0.429688
5895 0.476563
5896 0.367188
5897 0.140625
5898 -0.140625
5899 -0.351563
5900 -0.46875
5901 -0.445313
5902 -0.265625
5903 0
5904 0.257813
5905 0.429688
5906 0.46875
5907 0.367188
5908 0.140625
5909 -0.132813
5910 -0.351563
5911 -0.460938
5912 -0.4375
5913 -0.265625
5914 -0.0078125
5915 0.242188
5916 0.414063
5917 0.476563
5918 0.375
5919 0.140625
5920 -0.125
5921 -0.34375
5922 -0.460938
5923 -0.4375
5924 -0.265625
5925 -0.0078125
5926 0.234375
5927 0.421875
5928 0.476563
5929 0.351563
5930 0.148438
5931 -0.109375
5932 -0.34375
5933 -0.460938
5934 -0.421875
5935 -0.273438
5936 -0.0234375
5937 0.242188
5938 0.421875
5939 0.453125
5940 0.375
5941 0.15625
5942 -0.117188
5943 -0.335938
5944 -0.445313
5945 -0.4375
5946 -0.28125
5947 -0.015625
5948 0.234375
5949 0.40625
5950 0.46875
5951 0.375
5952 0.15625
5953 -0.109375
5954 -0.328125
5955 -0.460938
5956 -0.4375
5957 -0.28125
5958 -0.0234375
5959 0.226563
5960 0.40625
5961 0.46875
5962 0.375
5963 0.15625
5964 -0.109375
5965 -0.320313
5966 -0.460938
5967 -0.445313
5968 -0.273438
5969 -0.03125
5970 0.21875
5971 0.414063
5972 0.476563
5973 0.367188
5974 0.164063
5975 -0.09375
5976 -0.335938
5977 -0.46875
5978 -0.445313
5979 -0.28125
5980 -0.0390625
5981 0.21875
5982 0.414063
5983 0.46875
5984 0.375
5985 0.1875
5986 -0.09375
5987 -0.335938
5988 -0.460938
5989 -0.445313
5990 -0.304688
5991 -0.0546875
5992 0.226563
5993 0.414063
5994 0.46875
5995 0.382813
5996 0.179688
5997 -0.09375
5998 -0.320313
5999 -0.460938
6000 -0.460938
6001 -0.289063
6002 -0.0390625
6003 0.210938
6004 0.40625
6005 0.476563
6006 0.375
6007 0.171875
6008 -0.0859375
6009 -0.320313
6010 -0.460938
6011 -0.445313
6012 -0.289063
6013 -0.046875
6014 0.21875
6015 0.40625
6016 0.46875
6017 0.382813
6018 0.1875
6019 -0.09375
6020 -0.328125
6021 -0.453125
6022 -0.453125
6023 -0.304688
6024 -0.046875
6025 0.21875
6026 0.414063
6027 0.476563
6028 0.390625
6029 0.1875
6030 -0.078125
6031 -0.335938
6032 -0.460938
6033 -0.453125
6034 -0.304688
6035 -0.0625
6036 0.210938
6037 0.398438
6038 0.476563
6039 0.398438
6040 0.195313
6041 -0.078125
6042 -0.3125
6043 -0.4375
6044 -0.453125
6045 -0.304688
6046 -0.0546875
6047 0.195313
6048 0.375
6049 0.460938
6050 0.398438
6051 0.179688
6052 -0.078125
6053 -0.304688
6054 -0.453125
6055 -0.460938
6056 -0.289063
6057 -0.0625
6058 0.195313
6059 0.390625
6060 0.476563
6061 0.390625
6062 0.179688
6063 -0.0625
6064 -0.3125
6065 -0.460938
6066 -0.453125
6067 -0.304688
6068 -0.0703125
6069 0.195313
6070 0.40625
6071 0.476563
6072 0.390625
6073 0.203125
6074 -0.0703125
6075 -0.320313
6076 -0.453125
6077 -0.460938
6078 -0.3125
6079 -0.078125
6080 0.1875
6081 0.398438
6082 0.46875
6083 0.398438
6084 0.210938
6085 -0.0625
6086 -0.3125
6087 -0.445313
6088 -0.445313
6089 -0.320313
6090 -0.078125
6091 0.1875
6092 0.390625
6093 0.46875
6094 0.398438
6095 0.203125
6096 -0.0625
6097 -0.304688
6098 -0.4375
6099 -0.453125
6100 -0.3125
6101 -0.0703125
6102 0.195313
6103 0.390625
6104 0.46875
6105 0.40625
6106 0.195313
6107 -0.0546875
6108 -0.304688
6109 -0.453125
6110 -0.46875
6111 -0.3125
6112 -0.078125
6113 0.179688
6114 0.390625
6115 0.484375
6116 0.40625
6117 0.210938
6118 -0.0546875
6119 -0.296875
6120 -0.453125
6121 -0.460938
6122 -0.320313
6123 -0.0859375
6124 0.1875
6125 0.398438
6126 0.476563
6127 0.40625
6128 0.21875
6129 -0.046875
6130 -0.289063
6131 -0.453125
6132 -0.46875
6133 -0.328125
6134 -0.0859375
6135 0.179688
6136 0.382813
6137 0.46875
6138 0.40625
6139 0.210938
6140 -0.0390625
6141 -0.289063
6142 -0.445313
6143 -0.460938
6144 -0.320313
6145 -0.09375
6146 0.179688
6147 0.382813
6148 0.476563
6149 0.40625
6150 0.21875
6151 -0.0390625
6152 -0.289063
6153 -0.4375
6154 -0.460938
6155 -0.320313
6156 -0.09375
6157 0.171875
6158 0.375
6159 0.46875
6160 0.40625
6161 0.226563
6162 -0.03125
6163 -0.28125
6164 -0.4375
6165 -0.460938
6166 -0.328125
6167 -0.101563
6168 0.164063
6169 0.382813
6170 0.46875
6171 0.414063
6172 0.21875
6173 -0.03125
6174 -0.289063
6175 -0.445313
6176 -0.460938
6177 -0.335938
6178 -0.109375
6179 0.164063
6180 0.367188
6181 0.46875
6182 0.414063
6183 0.226563
6184 -0.0234375
6185 -0.273438
6186 -0.4375
6187 -0.460938
6188 -0.335938
6189 -0.109375
6190 0.164063
6191 0.367188
6192 0.476563
6193 0.414063
6194 0.234375
6195 -0.015625
6196 -0.273438
6197 -0.4375
6198 -0.46875
6199 -0.335938
6200 -0.109375
6201 0.164063
6202 0.375
6203 0.476563
6204 0.421875
6205 0.234375
6206 -0.0234375
6207 -0.28125
6208 -0.4375
6209 -0.46875
6210 -0.34375
6211 -0.117188
6212 0.15625
6213 0.367188
6214 0.476563
6215 0.421875
6216 0.234375
6217 -0.0234375
6218 -0.273438
6219 -0.429688
6220 -0.46875
6221 -0.335938
6222 -0.109375
6223 0.15625
6224 0.367188
6225 0.476563
6226 0.421875
6227 0.234375
6228 -0.015625
6229 -0.273438
6230 -0.4375
6231 -0.476563
6232 -0.351563
6233 -0.125
6234 0.148438
6235 0.367188
6236 0.476563
6237 0.4375
6238 0.25
6239 -0.0078125
6240 -0.273438
6241 -0.4375
6242 -0.46875
6243 -0.34375
6244 -0.132813
6245 0.140625
6246 0.359375
6247 0.476563
6248 0.421875
6249 0.242188
6250 -0.0078125
6251 -0.257813
6252 -0.4375
6253 -0.460938
6254 -0.351563
6255 -0.132813
6256 0.140625
6257 0.359375
6258 0.46875
6259 0.421875
6260 0.25
6261 -0.0078125
6262 -0.257813
6263 -0.429688
6264 -0.460938
6265 -0.351563
6266 -0.132813
6267 0.140625
6268 0.351563
6269 0.46875
6270 0.429688
6271 0.257813
6272 0
6273 -0.25
6274 -0.429688
6275 -0.46875
6276 -0.359375
6277 -0.148438
6278 0.132813
6279 0.351563
6280 0.46875
6281 0.429688
6282 0.257813
6283 0.015625
6284 -0.25
6285 -0.429688
6286 -0.476563
6287 -0.367188
6288 -0.15625
6289 0.125
6290 0.34375
6291 0.46875
6292 0.4375
6293 0.265625
6294 0.015625
6295 -0.242188
6296 -0.414063
6297 -0.476563
6298 -0.359375
6299 -0.148438
6300 0.117188
6301 0.34375
6302 0.460938
6303 0.4375
6304 0.265625
6305 0.015625
6306 -0.242188
6307 -0.414063
6308 -0.46875
6309 -0.375
6310 -0.148438
6311 0.117188
6312 0.34375
6313 0.460938
6314 0.4375
6315 0.265625
6316 0.0078125
6317 -0.234375
6318 -0.414063
6319 -0.476563
6320 -0.359375
6321 -0.148438
6322 0.117188
6323 0.34375
6324 0.46875
6325 0.4375
6326 0.273438
6327 0.03125
6328 -0.234375
6329 -0.414063
6330 -0.476563
6331 -0.375
6332 -0.15625
6333 0.109375
6334 0.34375
6335 0.46875
6336 0.4375
6337 0.28125
6338 0.0234375
6339 -0.234375
6340 -0.414063
6341 -0.46875
6342 -0.375
6343 -0.171875
6344 0.09375
6345 0.335938
6346 0.460938
6347 0.445313
6348 0.28125
6349 0.03125
6350 -0.226563
6351 -0.414063
6352 -0.460938
6353 -0.382813
6354 -0.171875
6355 0.101563
6356 0.328125
6357 0.460938
6358 0.4375
6359 0.28125
6360 0.0390625
6361 -0.226563
6362 -0.40625
6363 -0.46875
6364 -0.375
6365 -0.164063
6366 0.101563
6367 0.328125
6368 0.460938
6369 0.4375
6370 0.289063
6371 0.0390625
6372 -0.21875
6373 -0.414063
6374 -0.476563
6375 -0.382813
6376 -0.179688
6377 0.0859375
6378 0.320313
6379 0.453125
6380 0.445313
6381 0.289063
6382 0.0390625
6383 -0.21875
6384 -0.40625
6385 -0.46875
6386 -0.382813
6387 -0.171875
6388 0.0859375
6389 0.3125
6390 0.453125
6391 0.445313
6392 0.289063
6393 0.0546875
6394 -0.210938
6395 -0.398438
6396 -0.46875
6397 -0.382813
6398 -0.179688
6399 0.0859375
6400 0.320313
6401 0.453125
6402 0.445313
6403 0.296875
6404 0.0546875
6405 -0.21875
6406 -0.398438
6407 -0.476563
6408 -0.390625
6409 -0.179688
6410 0.078125
6411 0.320313
6412 0.453125
6413 0.453125
6414 0.296875
6415 0.0625
6416 -0.210938
6417 -0.40625
6418 -0.476563
6419 -0.398438
6420 -0.195313
6421 0.0703125
6422 0.320313
6423 0.453125
6424 0.453125
6425 0.304688
6426 0.0546875
6427 -0.210938
6428 -0.40625
6429 -0.476563
6430 -0.390625
6431 -0.195313
6432 0.0703125
6433 0.3125
6434 0.453125
6435 0.453125
6436 0.304688
6437 0.0546875
6438 -0.203125
6439 -0.398438
6440 -0.476563
6441 -0.398438
6442 -0.1875
6443 0.078125
6444 0.3125
6445 0.453125
6446 0.460938
6447 0.304688
6448 0.0546875
6449 -0.203125
6450 -0.40625
6451 -0.484375
6452 -0.390625
6453 -0.1875
6454 0.0703125
6455 0.304688
6456 0.46875
6457 0.453125
6458 0.304688
6459 0.0703125
6460 -0.195313
6461 -0.40625
6462 -0.476563
6463 -0.398438
6464 -0.203125
6465 0.0625
6466 0.3125
6467 0.453125
6468 0.460938
6469 0.3125
6470 0.078125
6471 -0.203125
6472 -0.398438
6473 -0.46875
6474 -0.398438
6475 -0.203125
6476 0.0625
6477 0.304688
6478 0.445313
6479 0.453125
6480 0.320313
6481 0.078125
6482 -0.1875
6483 -0.390625
6484 -0.46875
6485 -0.398438
6486 -0.210938
6487 0.0625
6488 0.289063
6489 0.445313
6490 0.453125
6491 0.304688
6492 0.0703125
6493 -0.179688
6494 -0.390625
6495 -0.46875
6496 -0.398438
6497 -0.210938
6498 0.046875
6499 0.296875
6500 0.453125
6501 0.453125
6502 0.320313
6503 0.0859375
6504 -0.1875
6505 -0.390625
6506 -0.46875
6507 -0.398438
6508 -0.21875
6509 0.046875
6510 0.304688
6511 0.445313
6512 0.445313
6513 0.328125
6514 0.0859375
6515 -0.1875
6516 -0.382813
6517 -0.46875
6518 -0.414063
6519 -0.21875
6520 0.0546875
6521 0.296875
6522 0.4375
6523 0.460938
6524 0.335938
6525 0.0859375
6526 -0.179688
6527 -0.382813
6528 -0.476563
6529 -0.414063
6530 -0.210938
6531 0.046875
6532 0.28125
6533 0.4375
6534 0.476563
6535 0.328125
6536 0.0859375
6537 -0.164063
6538 -0.382813
6539 -0.476563
6540 -0.414063
6541 -0.21875
6542 0.03125
6543 0.28125
6544 0.445313
6545 0.46875
6546 0.320313
6547 0.101563
6548 -0.164063
6549 -0.382813
6550 -0.476563
6551 -0.414063
6552 -0.226563
6553 0.0390625
6554 0.28125
6555 0.4375
6556 0.460938
6557 0.335938
6558 0.101563
6559 -0.164063
6560 -0.382813
6561 -0.46875
6562 -0.414063
6563 -0.242188
6564 0.03125
6565 0.296875
6566 0.445313
6567 0.460938
6568 0.335938
6569 0.101563
6570 -0.164063
6571 -0.382813
6572 -0.46875
6573 -0.421875
6574 -0.234375
6575 0.0390625
6576 0.28125
6577 0.445313
6578 0.46875
6579 0.34375
6580 0.101563
6581 -0.15625
6582 -0.367188
6583 -0.476563
6584 -0.421875
6585 -0.21875
6586 0.015625
6587 0.265625
6588 0.445313
6589 0.476563
6590 0.335938
6591 0.117188
6592 -0.148438
6593 -0.382813
6594 -0.476563
6595 -0.421875
6596 -0.242188
6597 0.0078125
6598 0.273438
6599 0.4375
6600 0.460938
6601 0.351563
6602 0.117188
6603 -0.148438
6604 -0.367188
6605 -0.46875
6606 -0.429688
6607 -0.25
6608 0.015625
6609 0.273438
6610 0.429688
6611 0.460938
6612 0.359375
6613 0.125
6614 -0.15625
6615 -0.359375
6616 -0.453125
6617 -0.429688
6618 -0.25
6619 0.0234375
6620 0.265625
6621 0.421875
6622 0.476563
6623 0.367188
6624 0.117188
6625 -0.148438
6626 -0.34375
6627 -0.46875
6628 -0.445313
6629 -0.234375
6630 0.015625
6631 0.25
6632 0.4375
6633 0.476563
6634 0.34375
6635 0.125
6636 -0.125
6637 -0.359375
6638 -0.476563
6639 -0.429688
6640 -0.257813
6641 0
6642 0.265625
6643 0.429688
6644 0.46875
6645 0.359375
6646 0.140625
6647 -0.140625
6648 -0.367188
6649 -0.46875
6650 -0.4375
6651 -0.257813
6652 0
6653 0.265625
6654 0.421875
6655 0.46875
6656 0.375
6657 0.132813
6658 -0.148438
6659 -0.34375
6660 -0.460938
6661 -0.445313
6662 -0.265625
6663 0.0078125
6664 0.242188
6665 0.421875
6666 0.484375
6667 0.367188
6668 0.117188
6669 -0.125
6670 -0.335938
6671 -0.476563
6672 -0.445313
6673 -0.25
6674 0
6675 0.234375
6676 0.429688
6677 0.484375
6678 0.351563
6679 0.132813
6680 -0.101563
6681 -0.351563
6682 -0.476563
6683 -0.421875
6684 -0.25
6685 -0.0234375
6686 0.242188
6687 0.429688
6688 0.460938
6689 0.367188
6690 0.15625
6691 -0.117188
6692 -0.351563
6693 -0.453125
6694 -0.429688
6695 -0.289063
6696 -0.015625
6697 0.25
6698 0.40625
6699 0.46875
6700 0.390625
6701 0.148438
6702 -0.132813
6703 -0.320313
6704 -0.460938
6705 -0.453125
6706 -0.265625
6707 0
6708 0.21875
6709 0.40625
6710 0.484375
6711 0.359375
6712 0.140625
6713 -0.109375
6714 -0.328125
6715 -0.46875
6716 -0.429688
6717 -0.265625
6718 -0.03125
6719 0.21875
6720 0.421875
6721 0.460938
6722 0.367188
6723 0.15625
6724 -0.109375
6725 -0.335938
6726 -0.460938
6727 -0.4375
6728 -0.273438
6729 -0.0234375
6730 0.226563
6731 0.414063
6732 0.476563
6733 0.375
6734 0.148438
6735 -0.09375
6736 -0.320313
6737 -0.476563
6738 -0.445313
6739 -0.273438
6740 -0.0390625
6741 0.226563
6742 0.421875
6743 0.46875
6744 0.375
6745 0.179688
6746 -0.109375
6747 -0.34375
6748 -0.445313
6749 -0.460938
6750 -0.289063
6751 -0.015625
6752 0.21875
6753 0.390625
6754 0.492188
6755 0.398438
6756 0.132813
6757 -0.0859375
6758 -0.304688
6759 -0.484375
6760 -0.453125
6761 -0.265625
6762 -0.0390625
6763 0.210938
6764 0.414063
6765 0.484375
6766 0.367188
6767 0.164063
6768 -0.0859375
6769 -0.34375
6770 -0.460938
6771 -0.4375
6772 -0.28125
6773 -0.046875
6774 0.210938
6775 0.421875
6776 0.46875
6777 0.375
6778 0.195313
6779 -0.0859375
6780 -0.34375
6781 -0.453125
6782 -0.445313
6783 -0.296875
6784 -0.0546875
6785 0.234375
6786 0.398438
6787 0.46875
6788 0.40625
6789 0.171875
6790 -0.09375
6791 -0.3125
6792 -0.460938
6793 -0.460938
6794 -0.296875
6795 -0.0390625
6796 0.1875
6797 0.40625
6798 0.5
6799 0.375
6800 0.179688
6801 -0.0703125
6802 -0.328125
6803 -0.46875
6804 -0.445313
6805 -0.289063
6806 -0.078125
6807 0.203125
6808 0.421875
6809 0.46875
6810 0.390625
6811 0.195313
6812 -0.0703125
6813 -0.328125
6814 -0.453125
6815 -0.445313
6816 -0.3125
6817 -0.0546875
6818 0.203125
6819 0.382813
6820 0.460938
6821 0.398438
6822 0.1875
6823 -0.078125
6824 -0.304688
6825 -0.453125
6826 -0.460938
6827 -0.289063
6828 -0.0546875
6829 0.179688
6830 0.382813
6831 0.484375
6832 0.390625
6833 0.1875
6834 -0.0703125
6835 -0.304688
6836 -0.46875
6837 -0.445313
6838 -0.296875
6839 -0.078125
6840 0.195313
6841 0.398438
6842 0.46875
6843 0.390625
6844 0.210938
6845 -0.0625
6846 -0.320313
6847 -0.4375
6848 -0.445313
6849 -0.320313
6850 -0.078125
6851 0.203125
6852 0.382813
6853 0.460938
6854 0.414063
6855 0.210938
6856 -0.078125
6857 -0.304688
6858 -0.4375
6859 -0.453125
6860 -0.320313
6861 -0.0625
6862 0.1875
6863 0.382813
6864 0.476563
6865 0.414063
6866 0.203125
6867 -0.0625
6868 -0.296875
6869 -0.453125
6870 -0.4375
6871 -0.3125
6872 -0.09375
6873 0.1875
6874 0.398438
6875 0.453125
6876 0.414063
6877 0.21875
6878 -0.0703125
6879 -0.3125
6880 -0.429688
6881 -0.445313
6882 -0.34375
6883 -0.078125
6884 0.203125
6885 0.367188
6886 0.460938
6887 0.414063
6888 0.210938
6889 -0.0625
6890 -0.296875
6891 -0.453125
6892 -0.460938
6893 -0.3125
6894 -0.078125
6895 0.171875
6896 0.382813
6897 0.460938
6898 0.40625
6899 0.226563
6900 -0.0390625
6901 -0.304688
6902 -0.445313
6903 -0.4375
6904 -0.328125
6905 -0.101563
6906 0.195313
6907 0.375
6908 0.453125
6909 0.429688
6910 0.21875
6911 -0.0625
6912 -0.289063
6913 -0.429688
6914 -0.453125
6915 -0.335938
6916 -0.078125
6917 0.171875
6918 0.367188
6919 0.46875
6920 0.429688
6921 0.21875
6922 -0.0546875
6923 -0.28125
6924 -0.4375
6925 -0.460938
6926 -0.328125
6927 -0.0859375
6928 0.164063
6929 0.359375
6930 0.460938
6931 0.421875
6932 0.226563
6933 -0.0390625
6934 -0.296875
6935 -0.4375
6936 -0.453125
6937 -0.335938
6938 -0.101563
6939 0.164063
6940 0.382813
6941 0.453125
6942 0.40625
6943 0.242188
6944 -0.046875
6945 -0.296875
6946 -0.421875
6947 -0.453125
6948 -0.34375
6949 -0.101563
6950 0.179688
6951 0.367188
6952 0.460938
6953 0.429688
6954 0.226563
6955 -0.0234375
6956 -0.273438
6957 -0.453125
6958 -0.453125
6959 -0.328125
6960 -0.101563
6961 0.148438
6962 0.375
6963 0.484375
6964 0.398438
6965 0.242188
6966 0.0078125
6967 -0.296875
6968 -0.453125
6969 -0.445313
6970 -0.328125
6971 -0.125
6972 0.148438
6973 0.390625
6974 0.46875
6975 0.421875
6976 0.25
6977 -0.0390625
6978 -0.265625
6979 -0.445313
6980 -0.460938
6981 -0.34375
6982 -0.125
6983 0.148438
6984 0.367188
6985 0.46875
6986 0.414063
6987 0.234375
6988 -0.0078125
6989 -0.28125
6990 -0.4375
6991 -0.453125
6992 -0.351563
6993 -0.117188
6994 0.148438
6995 0.367188
6996 0.46875
6997 0.421875
6998 0.257813
6999 -0.0078125
7000 -0.273438
7001 -0.429688
7002 -0.46875
7003 -0.34375
7004 -0.101563
7005 0.140625
7006 0.351563
7007 0.476563
7008 0.4375
7009 0.242188
7010 0.0078125
7011 -0.257813
7012 -0.445313
7013 -0.453125
7014 -0.335938
7015 -0.132813
7016 0.125
7017 0.375
7018 0.46875
7019 0.414063
7020 0.257813
7021 0
7022 -0.265625
7023 -0.4375
7024 -0.460938
7025 -0.359375
7026 -0.140625
7027 0.148438
7028 0.359375
7029 0.453125
7030 0.4375
7031 0.25
7032 -0.0078125
7033 -0.25
7034 -0.4375
7035 -0.476563
7036 -0.351563
7037 -0.125
7038 0.109375
7039 0.351563
7040 0.476563
7041 0.40625
7042 0.242188
7043 0.0234375
7044 -0.25
7045 -0.445313
7046 -0.460938
7047 -0.335938
7048 -0.148438
7049 0.109375
7050 0.375
7051 0.46875
7052 0.421875
7053 0.28125
7054 0.0234375
7055 -0.265625
7056 -0.414063
7057 -0.4375
7058 -0.359375
7059 -0.148438
7060 0.148438
7061 0.367188
7062 0.4375
7063 0.453125
7064 0.28125
7065 -0.0078125
7066 -0.25
7067 -0.40625
7068 -0.460938
7069 -0.375
7070 -0.132813
7071 0.132813
7072 0.320313
7073 0.460938
7074 0.460938
7075 0.25
7076 -0.0078125
7077 -0.242188
7078 -0.429688
7079 -0.484375
7080 -0.382813
7081 -0.140625
7082 0.09375
7083 0.34375
7084 0.476563
7085 0.421875
7086 0.257813
7087 0.0234375
7088 -0.25
7089 -0.429688
7090 -0.460938
7091 -0.367188
7092 -0.171875
7093 0.125
7094 0.367188
7095 0.460938
7096 0.4375
7097 0.296875
7098 0.0234375
7099 -0.25
7100 -0.414063
7101 -0.453125
7102 -0.375
7103 -0.148438
7104 0.140625
7105 0.351563
7106 0.460938
7107 0.460938
7108 0.296875
7109 0.015625
7110 -0.242188
7111 -0.414063
7112 -0.46875
7113 -0.382813
7114 -0.148438
7115 0.117188
7116 0.328125
7117 0.453125
7118 0.453125
7119 0.273438
7120 0.015625
7121 -0.234375
7122 -0.429688
7123 -0.492188
7124 -0.382813
7125 -0.15625
7126 0.0859375
7127 0.320313
7128 0.460938
7129 0.429688
7130 0.265625
7131 0.03125
7132 -0.242188
7133 -0.4375
7134 -0.46875
7135 -0.367188
7136 -0.179688
7137 0.09375
7138 0.34375
7139 0.453125
7140 0.4375
7141 0.304688
7142 0.0390625
7143 -0.226563
7144 -0.40625
7145 -0.445313
7146 -0.367188
7147 -0.171875
7148 0.109375
7149 0.34375
7150 0.460938
7151 0.445313
7152 0.296875
7153 0.046875
7154 -0.203125
7155 -0.398438
7156 -0.46875
7157 -0.375
7158 -0.164063
7159 0.101563
7160 0.320313
7161 0.445313
7162 0.4375
7163 0.289063
7164 0.0390625
7165 -0.226563
7166 -0.421875
7167 -0.484375
7168 -0.390625
7169 -0.179688
7170 0.0703125
7171 0.3125
7172 0.445313
7173 0.445313
7174 0.289063
7175 0.03125
7176 -0.226563
7177 -0.414063
7178 -0.46875
7179 -0.398438
7180 -0.1875
7181 0.0859375
7182 0.320313
7183 0.453125
7184 0.453125
7185 0.304688
7186 0.0546875
7187 -0.210938
7188 -0.398438
7189 -0.460938
7190 -0.390625
7191 -0.179688
7192 0.09375
7193 0.328125
7194 0.460938
7195 0.453125
7196 0.3125
7197 0.0625
7198 -0.203125
7199 -0.40625
7200 -0.46875
7201 -0.390625
7202 -0.179688
7203 0.078125
7204 0.320313
7205 0.453125
7206 0.460938
7207 0.3125
7208 0.0546875
7209 -0.21875
7210 -0.40625
7211 -0.476563
7212 -0.40625
7213 -0.203125
7214 0.078125
7215 0.3125
7216 0.453125
7217 0.453125
7218 0.296875
7219 0.046875
7220 -0.210938
7221 -0.40625
7222 -0.484375
7223 -0.414063
7224 -0.195313
7225 0.078125
7226 0.3125
7227 0.460938
7228 0.460938
7229 0.320313
7230 0.0703125
7231 -0.203125
7232 -0.40625
7233 -0.476563
7234 -0.40625
7235 -0.195313
7236 0.078125
7237 0.320313
7238 0.460938
7239 0.460938
7240 0.335938
7241 0.078125
7242 -0.203125
7243 -0.398438
7244 -0.46875
7245 -0.398438
7246 -0.203125
7247 0.0703125
7248 0.3125
7249 0.445313
7250 0.460938
7251 0.328125
7252 0.078125
7253 -0.195313
7254 -0.390625
7255 -0.46875
7256 -0.414063
7257 -0.210938
7258 0.0625
7259 0.296875
7260 0.4375
7261 0.460938
7262 0.328125
7263 0.078125
7264 -0.195313
7265 -0.390625
7266 -0.46875
7267 -0.414063
7268 -0.210938
7269 0.0625
7270 0.296875
7271 0.445313
7272 0.453125
7273 0.328125
7274 0.0859375
7275 -0.179688
7276 -0.390625
7277 -0.476563
7278 -0.40625
7279 -0.210938
7280 0.046875
7281 0.296875
7282 0.4375
7283 0.453125
7284 0.335938
7285 0.0859375
7286 -0.179688
7287 -0.382813
7288 -0.46875
7289 -0.40625
7290 -0.210938
7291 0.0546875
7292 0.296875
7293 0.445313
7294 0.453125
7295 0.335938
7296 0.09375
7297 -0.179688
7298 -0.382813
7299 -0.46875
7300 -0.414063
7301 -0.21875
7302 0.0390625
7303 0.289063
7304 0.445313
7305 0.460938
7306 0.335938
7307 0.0859375
7308 -0.179688
7309 -0.382813
7310 -0.46875
7311 -0.414063
7312 -0.21875
7313 0.046875
7314 0.289063
7315 0.4375
7316 0.453125
7317 0.335938
7318 0.09375
7319 -0.179688
7320 -0.390625
7321 -0.46875
7322 -0.40625
7323 -0.234375
7324 0.0390625
7325 0.28125
7326 0.4375
7327 0.453125
7328 0.328125
7329 0.09375
7330 -0.171875
7331 -0.390625
7332 -0.46875
7333 -0.414063
7334 -0.226563
7335 0.03125
7336 0.296875
7337 0.4375
7338 0.453125
7339 0.335938
7340 0.101563
7341 -0.171875
7342 -0.382813
7343 -0.46875
7344 -0.421875
7345 -0.226563
7346 0.03125
7347 0.289063
7348 0.4375
7349 0.460938
7350 0.34375
7351 0.101563
7352 -0.164063
7353 -0.382813
7354 -0.46875
7355 -0.40625
7356 -0.234375
7357 0.03125
7358 0.28125
7359 0.4375
7360 0.460938
7361 0.34375
7362 0.109375
7363 -0.164063
7364 -0.375
7365 -0.476563
7366 -0.421875
7367 -0.234375
7368 0.0234375
7369 0.265625
7370 0.4375
7371 0.460938
7372 0.335938
7373 0.109375
7374 -0.164063
7375 -0.375
7376 -0.46875
7377 -0.421875
7378 -0.234375
7379 0.015625
7380 0.28125
7381 0.445313
7382 0.46875
7383 0.351563
7384 0.117188
7385 -0.148438
7386 -0.367188
7387 -0.46875
7388 -0.421875
7389 -0.25
7390 0.0234375
7391 0.273438
7392 0.445313
7393 0.46875
7394 0.359375
7395 0.125
7396 -0.148438
7397 -0.367188
7398 -0.476563
7399 -0.429688
7400 -0.25
7401 0.0078125
7402 0.273438
7403 0.4375
7404 0.46875
7405 0.351563
7406 0.132813
7407 -0.140625
7408 -0.359375
7409 -0.46875
7410 -0.429688
7411 -0.257813
7412 0.0078125
7413 0.265625
7414 0.429688
7415 0.46875
7416 0.359375
7417 0.140625
7418 -0.140625
7419 -0.367188
7420 -0.476563
7421 -0.429688
7422 -0.257813
7423 0
7424 0.257813
7425 0.429688
7426 0.46875
7427 0.367188
7428 0.132813
7429 -0.132813
7430 -0.359375
7431 -0.476563
7432 -0.4375
7433 -0.265625
7434 0
7435 0.257813
7436 0.429688
7437 0.476563
7438 0.367188
7439 0.140625
7440 -0.132813
7441 -0.367188
7442 -0.46875
7443 -0.429688
7444 -0.257813
7445 -0.0078125
7446 0.257813
7447 0.429688
7448 0.476563
7449 0.367188
7450 0.140625
7451 -0.132813
7452 -0.351563
7453 -0.46875
7454 -0.445313
7455 -0.273438
7456 -0.0078125
7457 0.25
7458 0.4375
7459 0.46875
7460 0.367188
7461 0.148438
7462 -0.125
7463 -0.351563
7464 -0.46875
7465 -0.4375
7466 -0.273438
7467 -0.015625
7468 0.25
7469 0.421875
7470 0.476563
7471 0.367188
7472 0.15625
7473 -0.125
7474 -0.351563
7475 -0.46875
7476 -0.4375
7477 -0.273438
7478 -0.015625
7479 0.25
7480 0.421875
7481 0.46875
7482 0.375
7483 0.15625
7484 -0.117188
7485 -0.34375
7486 -0.460938
7487 -0.4375
7488 -0.273438
7489 -0.0234375
7490 0.242188
7491 0.421875
7492 0.46875
7493 0.367188
7494 0.15625
7495 -0.117188
7496 -0.335938
7497 -0.460938
7498 -0.445313
7499 -0.273438
7500 -0.03125
7501 0.234375
7502 0.421875
7503 0.46875
7504 0.367188
7505 0.164063
7506 -0.109375
7507 -0.335938
7508 -0.460938
7509 -0.445313
7510 -0.28125
7511 -0.0390625
7512 0.234375
7513 0.40625
7514 0.476563
7515 0.375
7516 0.171875
7517 -0.101563
7518 -0.335938
7519 -0.460938
7520 -0.445313
7521 -0.28125
7522 -0.0390625
7523 0.226563
7524 0.414063
7525 0.476563
7526 0.382813
7527 0.164063
7528 -0.101563
7529 -0.335938
7530 -0.460938
7531 -0.445313
7532 -0.289063
7533 -0.0390625
7534 0.21875
7535 0.414063
7536 0.476563
7537 0.382813
7538 0.171875
7539 -0.09375
7540 -0.328125
7541 -0.460938
7542 -0.445313
7543 -0.296875
7544 -0.046875
7545 0.21875
7546 0.414063
7547 0.476563
7548 0.390625
7549 0.179688
7550 -0.0859375
7551 -0.328125
7552 -0.460938
7553 -0.445313
7554 -0.296875
7555 -0.0546875
7556 0.210938
7557 0.40625
7558 0.476563
7559 0.390625
7560 0.179688
7561 -0.0859375
7562 -0.320313
7563 -0.460938
7564 -0.445313
7565 -0.296875
7566 -0.046875
7567 0.21875
7568 0.40625
7569 0.476563
7570 0.382813
7571 0.1875
7572 -0.0859375
7573 -0.328125
7574 -0.460938
7575 -0.453125
7576 -0.304688
7577 -0.0546875
7578 0.203125
7579 0.414063
7580 0.484375
7581 0.398438
7582 0.1875
7583 -0.0703125
7584 -0.320313
7585 -0.453125
7586 -0.460938
7587 -0.304688
7588 -0.0625
7589 0.203125
7590 0.40625
7591 0.484375
7592 0.398438
7593 0.195313
7594 -0.078125
7595 -0.3125
7596 -0.453125
7597 -0.453125
7598 -0.304688
7599 -0.0703125
7600 0.203125
7601 0.382813
7602 0.476563
7603 0.390625
7604 0.195313
7605 -0.0703125
7606 -0.3125
7607 -0.453125
7608 -0.453125
7609 -0.304688
7610 -0.0625
7611 0.203125
7612 0.398438
7613 0.46875
7614 0.390625
7615 0.195313
7616 -0.0703125
7617 -0.3125
7618 -0.453125
7619 -0.453125
7620 -0.304688
7621 -0.0703125
7622 0.203125
7623 0.398438
7624 0.476563
7625 0.398438
7626 0.203125
7627 -0.0703125
7628 -0.3125
7629 -0.460938
7630 -0.460938
7631 -0.320313
7632 -0.0703125
7633 0.1875
7634 0.398438
7635 0.484375
7636 0.40625
7637 0.210938
7638 -0.0625
7639 -0.304688
7640 -0.453125
7641 -0.460938
7642 -0.328125
7643 -0.078125
7644 0.179688
7645 0.398438
7646 0.484375
7647 0.40625
7648 0.210938
7649 -0.046875
7650 -0.304688
7651 -0.453125
7652 -0.460938
7653 -0.320313
7654 -0.0859375
7655 0.1875
7656 0.390625
7657 0.476563
7658 0.40625
7659 0.210938
7660 -0.046875
7661 -0.304688
7662 -0.445313
7663 -0.46875
7664 -0.320313
7665 -0.0859375
7666 0.179688
7667 0.390625
7668 0.476563
7669 0.40625
7670 0.21875
7671 -0.0546875
7672 -0.296875
7673 -0.453125
7674 -0.46875
7675 -0.328125
7676 -0.0859375
7677 0.1875
7678 0.390625
7679 0.476563
7680 0.414063
7681 0.21875
7682 -0.046875
7683 -0.296875
7684 -0.453125
7685 -0.476563
7686 -0.328125
7687 -0.09375
7688 0.179688
7689 0.390625
7690 0.484375
7691 0.414063
7692 0.21875
7693 -0.0390625
7694 -0.289063
7695 -0.445313
7696 -0.46875
7697 -0.335938
7698 -0.101563
7699 0.15625
7700 0.375
7701 0.46875
7702 0.414063
7703 0.226563
7704 -0.03125
7705 -0.289063
7706 -0.4375
7707 -0.46875
7708 -0.335938
7709 -0.101563
7710 0.164063
7711 0.375
7712 0.46875
7713 0.414063
7714 0.226563
7715 -0.03125
7716 -0.289063
7717 -0.445313
7718 -0.460938
7719 -0.328125
7720 -0.101563
7721 0.171875
7722 0.382813
7723 0.476563
7724 0.421875
7725 0.234375
7726 -0.0390625
7727 -0.28125
7728 -0.445313
7729 -0.46875
7730 -0.335938
7731 -0.109375
7732 0.164063
7733 0.382813
7734 0.484375
7735 0.421875
7736 0.226563
7737 -0.03125
7738 -0.28125
7739 -0.445313
7740 -0.46875
7741 -0.335938
7742 -0.109375
7743 0.15625
7744 0.382813
7745 0.476563
7746 0.421875
7747 0.242188
7748 -0.03125
7749 -0.28125
7750 -0.453125
7751 -0.46875
7752 -0.34375
7753 -0.101563
7754 0.15625
7755 0.375
7756 0.476563
7757 0.421875
7758 0.234375
7759 -0.0234375
7760 -0.273438
7761 -0.445313
7762 -0.46875
7763 -0.34375
7764 -0.109375
7765 0.164063
7766 0.375
7767 0.476563
7768 0.429688
7769 0.242188
7770 -0.015625
7771 -0.273438
7772 -0.4375
7773 -0.476563
7774 -0.351563
7775 -0.117188
7776 0.148438
7777 0.375
7778 0.476563
7779 0.4375
7780 0.242188
7781 -0.015625
7782 -0.273438
7783 -0.4375
7784 -0.46875
7785 -0.351563
7786 -0.125
7787 0.132813
7788 0.375
7789 0.484375
7790 0.429688
7791 0.242188
7792 -0.0078125
7793 -0.265625
7794 -0.4375
7795 -0.46875
7796 -0.351563
7797 -0.132813
7798 0.140625
7799 0.359375
7800 0.46875
7801 0.421875
7802 0.25
7803 0
7804 -0.257813
7805 -0.429688
7806 -0.46875
7807 -0.351563
7808 -0.125
7809 0.140625
7810 0.359375
7811 0.46875
7812 0.429688
7813 0.257813
7814 0
7815 -0.257813
7816 -0.445313
7817 -0.476563
7818 -0.359375
7819 -0.132813
7820 0.132813
7821 0.351563
7822 0.46875
7823 0.4375
7824 0.265625
7825 0.0078125
7826 -0.25
7827 -0.4375
7828 -0.476563
7829 -0.367188
7830 -0.148438
7831 0.125
7832 0.359375
7833 0.46875
7834 0.4375
7835 0.265625
7836 0.015625
7837 -0.25
7838 -0.421875
7839 -0.476563
7840 -0.367188
7841 -0.148438
7842 0.117188
7843 0.351563
7844 0.46875
7845 0.4375
7846 0.265625
7847 0.015625
7848 -0.25
7849 -0.421875
7850 -0.46875
7851 -0.367188
7852 -0.140625
7853 0.117188
7854 0.351563
7855 0.460938
7856 0.4375
7857 0.265625
7858 0.015625
7859 -0.242188
7860 -0.421875
7861 -0.46875
7862 -0.367188
7863 -0.15625
7864 0.125
7865 0.351563
7866 0.46875
7867 0.4375
7868 0.265625
7869 0.015625
7870 -0.242188
7871 -0.429688
7872 -0.484375
7873 -0.375
7874 -0.15625
7875 0.117188
7876 0.351563
7877 0.46875
7878 0.445313
7879 0.28125
7880 0.0234375
7881 -0.234375
7882 -0.421875
7883 -0.484375
7884 -0.375
7885 -0.164063
7886 0.117188
7887 0.335938
7888 0.46875
7889 0.445313
7890 0.289063
7891 0.03125
7892 -0.234375
7893 -0.421875
7894 -0.476563
7895 -0.367188
7896 -0.171875
7897 0.109375
7898 0.335938
7899 0.460938
7900 0.445313
7901 0.273438
7902 0.03125
7903 -0.226563
7904 -0.414063
7905 -0.476563
7906 -0.375
7907 -0.164063
7908 0.101563
7909 0.335938
7910 0.46875
7911 0.4375
7912 0.273438
7913 0.03125
7914 -0.234375
7915 -0.421875
7916 -0.476563
7917 -0.382813
7918 -0.171875
7919 0.101563
7920 0.335938
7921 0.460938
7922 0.453125
7923 0.289063
7924 0.03125
7925 -0.234375
7926 -0.414063
7927 -0.484375
7928 -0.390625
7929 -0.171875
7930 0.101563
7931 0.320313
7932 0.46875
7933 0.460938
7934 0.296875
7935 0.046875
7936 -0.21875
7937 -0.414063
7938 -0.484375
7939 -0.382813
7940 -0.1875
7941 0.0859375
7942 0.328125
7943 0.46875
7944 0.453125
7945 0.296875
7946 0.0546875
7947 -0.21875
7948 -0.414063
7949 -0.476563
7950 -0.382813
7951 -0.179688
7952 0.0859375
7953 0.328125
7954 0.460938
7955 0.453125
7956 0.296875
7957 0.046875
7958 -0.210938
7959 -0.40625
7960 -0.484375
7961 -0.390625
7962 -0.179688
7963 0.09375
7964 0.328125
7965 0.46875
7966 0.453125
7967 0.296875
7968 0.0546875
7969 -0.210938
7970 -0.414063
7971 -0.484375
7972 -0.398438
7973 -0.1875
7974 0.078125
7975 0.335938
7976 0.460938
7977 0.460938
7978 0.3125
7979 0.0546875
7980 -0.21875
7981 -0.414063
7982 -0.484375
7983 -0.398438
7984 -0.195313
7985 0.078125
7986 0.328125
7987 0.460938
7988 0.46875
7989 0.3125
7990 0.0703125
7991 -0.203125
7992 -0.40625
7993 -0.476563
7994 -0.398438
7995 -0.1875
7996 0.078125
7997 0.320313
7998 0.460938
7999 0.453125
8000 0.304688
8001 0.0703125
8002 -0.203125
8003 -0.40625
8004 -0.476563
8005 -0.390625
8006 -0.1875
8007 0.078125
8008 0.3125
8009 0.453125
8010 0.460938
8011 0.296875
8012 0.0625
8013 -0.203125
8014 -0.398438
8015 -0.476563
8016 -0.398438
8017 -0.195313
8018 0.0703125
8019 0.3125
8020 0.453125
8021 0.460938
8022 0.3125
8023 0.078125
8024 -0.195313
8025 -0.398438
8026 -0.476563
8027 -0.398438
8028 -0.210938
8029 0.0625
8030 0.320313
8031 0.460938
8032 0.46875
8033 0.320313
8034 0.078125
8035 -0.195313
8036 -0.390625
8037 -0.476563
8038 -0.40625
8039 -0.210938
8040 0.0546875
8041 0.304688
8042 0.445313
8043 0.460938
8044 0.320313
8045 0.0859375
8046 -0.1875
8047 -0.375
8048 -0.46875
8049 -0.40625
8050 -0.210938
8051 0.046875
8052 0.289063
8053 0.445313
8054 0.453125
8055 0.3125
8056 0.0859375
8057 -0.179688
8058 -0.382813
8059 -0.460938
8060 -0.398438
8061 -0.21875
8062 0.046875
8063 0.296875
8064 0.445313
8065 0.453125
8066 0.320313
8067 0.09375
8068 -0.179688
8069 -0.390625
8070 -0.46875
8071 -0.421875
8072 -0.226563
8073 0.0625
8074 0.296875
8075 0.445313
8076 0.484375
8077 0.328125
8078 0.0859375
8079 -0.171875
8080 -0.390625
8081 -0.5
8082 -0.414063
8083 -0.226563
8084 0.03125
8085 0.296875
8086 0.460938
8087 0.46875
8088 0.335938
8089 0.101563
8090 -0.171875
8091 -0.382813
8092 -0.476563
8093 -0.414063
8094 -0.226563
8095 0.0390625
8096 0.296875
8097 0.445313
8098 0.46875
8099 0.328125
8100 0.101563
8101 -0.171875
8102 -0.375
8103 -0.46875
8104 -0.421875
8105 -0.21875
8106 0.0390625
8107 0.273438
8108 0.445313
8109 0.460938
8110 0.320313
8111 0.109375
8112 -0.164063
8113 -0.382813
8114 -0.46875
8115 -0.40625
8116 -0.234375
8117 0.03125
8118 0.289063
8119 0.445313
8120 0.46875
8121 0.34375
8122 0.109375
8123 -0.171875
8124 -0.382813
8125 -0.476563
8126 -0.429688
8127 -0.242188
8128 0.0234375
8129 0.289063
8130 0.445313
8131 0.492188
8132 0.351563
8133 0.109375
8134 -0.148438
8135 -0.375
8136 -0.492188
8137 -0.421875
8138 -0.242188
8139 0.015625
8140 0.289063
8141 0.4375
8142 0.46875
8143 0.34375
8144 0.117188
8145 -0.15625
8146 -0.367188
8147 -0.460938
8148 -0.421875
8149 -0.242188
8150 0.0078125
8151 0.273438
8152 0.429688
8153 0.453125
8154 0.34375
8155 0.125
8156 -0.15625
8157 -0.351563
8158 -0.453125
8159 -0.421875
8160 -0.242188
8161 0.015625
8162 0.265625
8163 0.429688
8164 0.460938
8165 0.34375
8166 0.117188
8167 -0.148438
8168 -0.367188
8169 -0.476563
8170 -0.429688
8171 -0.242188
8172 0.0078125
8173 0.273438
8174 0.445313
8175 0.476563
8176 0.359375
8177 0.140625
8178 -0.148438
8179 -0.375
8180 -0.476563
8181 -0.4375
8182 -0.265625
8183 0
8184 0.265625
8185 0.4375
8186 0.484375
8187 0.359375
8188 0.132813
8189 -0.140625
8190 -0.367188
8191 -0.46875
